&CONTROL
   calculation = 'bands'
   pseudo_dir = '/home/User/opencode_workspace/DFT/pseudopotentials'
   outdir = '/home/User/opencode_workspace/DFT/calculations/hgte/production_bands_soc/out'
   verbosity = 'high'
   tprnfor = .false.
   tstress = .false.
   wf_collect = .true.
/

&SYSTEM
   ibrav = 0
   nat = 2
   ntyp = 2
   ecutwfc = 120.0
   occupations = 'fixed'
   ecutrho = 720.0
   nbnd = 38
   noncolin = .true.
   lspinorb = .true.
/

&ELECTRONS
   conv_thr = 1e-10
   mixing_beta = 0.3
   electron_maxstep = 200
   diagonalization = 'david'
   diago_full_acc = .true.
/

ATOMIC_SPECIES
  Hg   200.5920  Hg.rel-pbe-spn-rrkjus_psl.1.0.0.UPF
  Te   127.6000  Te.rel-pbe-n-rrkjus_psl.1.0.0.UPF

CELL_PARAMETERS angstrom
   0.000000000000  3.315076000000  3.315076000000
   3.315076000000  0.000000000000  3.315076000000
   3.315076000000  3.315076000000  0.000000000000

ATOMIC_POSITIONS crystal
  Hg    0.000000000000  0.000000000000  0.000000000000
  Te    0.250000000000  0.250000000000  0.250000000000

K_POINTS crystal
1401
   0.000000000000  0.000000000000  0.000000000000   1.000000
   0.001562500000  0.000000000000  0.001562500000   1.000000
   0.003125000000  0.000000000000  0.003125000000   1.000000
   0.004687500000  0.000000000000  0.004687500000   1.000000
   0.006250000000  0.000000000000  0.006250000000   1.000000
   0.007812500000  0.000000000000  0.007812500000   1.000000
   0.009375000000  0.000000000000  0.009375000000   1.000000
   0.010937500000  0.000000000000  0.010937500000   1.000000
   0.012500000000  0.000000000000  0.012500000000   1.000000
   0.014062500000  0.000000000000  0.014062500000   1.000000
   0.015625000000  0.000000000000  0.015625000000   1.000000
   0.017187500000  0.000000000000  0.017187500000   1.000000
   0.018750000000  0.000000000000  0.018750000000   1.000000
   0.020312500000  0.000000000000  0.020312500000   1.000000
   0.021875000000  0.000000000000  0.021875000000   1.000000
   0.023437500000  0.000000000000  0.023437500000   1.000000
   0.025000000000  0.000000000000  0.025000000000   1.000000
   0.026562500000  0.000000000000  0.026562500000   1.000000
   0.028125000000  0.000000000000  0.028125000000   1.000000
   0.029687500000  0.000000000000  0.029687500000   1.000000
   0.031250000000  0.000000000000  0.031250000000   1.000000
   0.032812500000  0.000000000000  0.032812500000   1.000000
   0.034375000000  0.000000000000  0.034375000000   1.000000
   0.035937500000  0.000000000000  0.035937500000   1.000000
   0.037500000000  0.000000000000  0.037500000000   1.000000
   0.039062500000  0.000000000000  0.039062500000   1.000000
   0.040625000000  0.000000000000  0.040625000000   1.000000
   0.042187500000  0.000000000000  0.042187500000   1.000000
   0.043750000000  0.000000000000  0.043750000000   1.000000
   0.045312500000  0.000000000000  0.045312500000   1.000000
   0.046875000000  0.000000000000  0.046875000000   1.000000
   0.048437500000  0.000000000000  0.048437500000   1.000000
   0.050000000000  0.000000000000  0.050000000000   1.000000
   0.051562500000  0.000000000000  0.051562500000   1.000000
   0.053125000000  0.000000000000  0.053125000000   1.000000
   0.054687500000  0.000000000000  0.054687500000   1.000000
   0.056250000000  0.000000000000  0.056250000000   1.000000
   0.057812500000  0.000000000000  0.057812500000   1.000000
   0.059375000000  0.000000000000  0.059375000000   1.000000
   0.060937500000  0.000000000000  0.060937500000   1.000000
   0.062500000000  0.000000000000  0.062500000000   1.000000
   0.064062500000  0.000000000000  0.064062500000   1.000000
   0.065625000000  0.000000000000  0.065625000000   1.000000
   0.067187500000  0.000000000000  0.067187500000   1.000000
   0.068750000000  0.000000000000  0.068750000000   1.000000
   0.070312500000  0.000000000000  0.070312500000   1.000000
   0.071875000000  0.000000000000  0.071875000000   1.000000
   0.073437500000  0.000000000000  0.073437500000   1.000000
   0.075000000000  0.000000000000  0.075000000000   1.000000
   0.076562500000  0.000000000000  0.076562500000   1.000000
   0.078125000000  0.000000000000  0.078125000000   1.000000
   0.079687500000  0.000000000000  0.079687500000   1.000000
   0.081250000000  0.000000000000  0.081250000000   1.000000
   0.082812500000  0.000000000000  0.082812500000   1.000000
   0.084375000000  0.000000000000  0.084375000000   1.000000
   0.085937500000  0.000000000000  0.085937500000   1.000000
   0.087500000000  0.000000000000  0.087500000000   1.000000
   0.089062500000  0.000000000000  0.089062500000   1.000000
   0.090625000000  0.000000000000  0.090625000000   1.000000
   0.092187500000  0.000000000000  0.092187500000   1.000000
   0.093750000000  0.000000000000  0.093750000000   1.000000
   0.095312500000  0.000000000000  0.095312500000   1.000000
   0.096875000000  0.000000000000  0.096875000000   1.000000
   0.098437500000  0.000000000000  0.098437500000   1.000000
   0.100000000000  0.000000000000  0.100000000000   1.000000
   0.101562500000  0.000000000000  0.101562500000   1.000000
   0.103125000000  0.000000000000  0.103125000000   1.000000
   0.104687500000  0.000000000000  0.104687500000   1.000000
   0.106250000000  0.000000000000  0.106250000000   1.000000
   0.107812500000  0.000000000000  0.107812500000   1.000000
   0.109375000000  0.000000000000  0.109375000000   1.000000
   0.110937500000  0.000000000000  0.110937500000   1.000000
   0.112500000000  0.000000000000  0.112500000000   1.000000
   0.114062500000  0.000000000000  0.114062500000   1.000000
   0.115625000000  0.000000000000  0.115625000000   1.000000
   0.117187500000  0.000000000000  0.117187500000   1.000000
   0.118750000000  0.000000000000  0.118750000000   1.000000
   0.120312500000  0.000000000000  0.120312500000   1.000000
   0.121875000000  0.000000000000  0.121875000000   1.000000
   0.123437500000  0.000000000000  0.123437500000   1.000000
   0.125000000000  0.000000000000  0.125000000000   1.000000
   0.126562500000  0.000000000000  0.126562500000   1.000000
   0.128125000000  0.000000000000  0.128125000000   1.000000
   0.129687500000  0.000000000000  0.129687500000   1.000000
   0.131250000000  0.000000000000  0.131250000000   1.000000
   0.132812500000  0.000000000000  0.132812500000   1.000000
   0.134375000000  0.000000000000  0.134375000000   1.000000
   0.135937500000  0.000000000000  0.135937500000   1.000000
   0.137500000000  0.000000000000  0.137500000000   1.000000
   0.139062500000  0.000000000000  0.139062500000   1.000000
   0.140625000000  0.000000000000  0.140625000000   1.000000
   0.142187500000  0.000000000000  0.142187500000   1.000000
   0.143750000000  0.000000000000  0.143750000000   1.000000
   0.145312500000  0.000000000000  0.145312500000   1.000000
   0.146875000000  0.000000000000  0.146875000000   1.000000
   0.148437500000  0.000000000000  0.148437500000   1.000000
   0.150000000000  0.000000000000  0.150000000000   1.000000
   0.151562500000  0.000000000000  0.151562500000   1.000000
   0.153125000000  0.000000000000  0.153125000000   1.000000
   0.154687500000  0.000000000000  0.154687500000   1.000000
   0.156250000000  0.000000000000  0.156250000000   1.000000
   0.157812500000  0.000000000000  0.157812500000   1.000000
   0.159375000000  0.000000000000  0.159375000000   1.000000
   0.160937500000  0.000000000000  0.160937500000   1.000000
   0.162500000000  0.000000000000  0.162500000000   1.000000
   0.164062500000  0.000000000000  0.164062500000   1.000000
   0.165625000000  0.000000000000  0.165625000000   1.000000
   0.167187500000  0.000000000000  0.167187500000   1.000000
   0.168750000000  0.000000000000  0.168750000000   1.000000
   0.170312500000  0.000000000000  0.170312500000   1.000000
   0.171875000000  0.000000000000  0.171875000000   1.000000
   0.173437500000  0.000000000000  0.173437500000   1.000000
   0.175000000000  0.000000000000  0.175000000000   1.000000
   0.176562500000  0.000000000000  0.176562500000   1.000000
   0.178125000000  0.000000000000  0.178125000000   1.000000
   0.179687500000  0.000000000000  0.179687500000   1.000000
   0.181250000000  0.000000000000  0.181250000000   1.000000
   0.182812500000  0.000000000000  0.182812500000   1.000000
   0.184375000000  0.000000000000  0.184375000000   1.000000
   0.185937500000  0.000000000000  0.185937500000   1.000000
   0.187500000000  0.000000000000  0.187500000000   1.000000
   0.189062500000  0.000000000000  0.189062500000   1.000000
   0.190625000000  0.000000000000  0.190625000000   1.000000
   0.192187500000  0.000000000000  0.192187500000   1.000000
   0.193750000000  0.000000000000  0.193750000000   1.000000
   0.195312500000  0.000000000000  0.195312500000   1.000000
   0.196875000000  0.000000000000  0.196875000000   1.000000
   0.198437500000  0.000000000000  0.198437500000   1.000000
   0.200000000000  0.000000000000  0.200000000000   1.000000
   0.201562500000  0.000000000000  0.201562500000   1.000000
   0.203125000000  0.000000000000  0.203125000000   1.000000
   0.204687500000  0.000000000000  0.204687500000   1.000000
   0.206250000000  0.000000000000  0.206250000000   1.000000
   0.207812500000  0.000000000000  0.207812500000   1.000000
   0.209375000000  0.000000000000  0.209375000000   1.000000
   0.210937500000  0.000000000000  0.210937500000   1.000000
   0.212500000000  0.000000000000  0.212500000000   1.000000
   0.214062500000  0.000000000000  0.214062500000   1.000000
   0.215625000000  0.000000000000  0.215625000000   1.000000
   0.217187500000  0.000000000000  0.217187500000   1.000000
   0.218750000000  0.000000000000  0.218750000000   1.000000
   0.220312500000  0.000000000000  0.220312500000   1.000000
   0.221875000000  0.000000000000  0.221875000000   1.000000
   0.223437500000  0.000000000000  0.223437500000   1.000000
   0.225000000000  0.000000000000  0.225000000000   1.000000
   0.226562500000  0.000000000000  0.226562500000   1.000000
   0.228125000000  0.000000000000  0.228125000000   1.000000
   0.229687500000  0.000000000000  0.229687500000   1.000000
   0.231250000000  0.000000000000  0.231250000000   1.000000
   0.232812500000  0.000000000000  0.232812500000   1.000000
   0.234375000000  0.000000000000  0.234375000000   1.000000
   0.235937500000  0.000000000000  0.235937500000   1.000000
   0.237500000000  0.000000000000  0.237500000000   1.000000
   0.239062500000  0.000000000000  0.239062500000   1.000000
   0.240625000000  0.000000000000  0.240625000000   1.000000
   0.242187500000  0.000000000000  0.242187500000   1.000000
   0.243750000000  0.000000000000  0.243750000000   1.000000
   0.245312500000  0.000000000000  0.245312500000   1.000000
   0.246875000000  0.000000000000  0.246875000000   1.000000
   0.248437500000  0.000000000000  0.248437500000   1.000000
   0.250000000000  0.000000000000  0.250000000000   1.000000
   0.251562500000  0.000000000000  0.251562500000   1.000000
   0.253125000000  0.000000000000  0.253125000000   1.000000
   0.254687500000  0.000000000000  0.254687500000   1.000000
   0.256250000000  0.000000000000  0.256250000000   1.000000
   0.257812500000  0.000000000000  0.257812500000   1.000000
   0.259375000000  0.000000000000  0.259375000000   1.000000
   0.260937500000  0.000000000000  0.260937500000   1.000000
   0.262500000000  0.000000000000  0.262500000000   1.000000
   0.264062500000  0.000000000000  0.264062500000   1.000000
   0.265625000000  0.000000000000  0.265625000000   1.000000
   0.267187500000  0.000000000000  0.267187500000   1.000000
   0.268750000000  0.000000000000  0.268750000000   1.000000
   0.270312500000  0.000000000000  0.270312500000   1.000000
   0.271875000000  0.000000000000  0.271875000000   1.000000
   0.273437500000  0.000000000000  0.273437500000   1.000000
   0.275000000000  0.000000000000  0.275000000000   1.000000
   0.276562500000  0.000000000000  0.276562500000   1.000000
   0.278125000000  0.000000000000  0.278125000000   1.000000
   0.279687500000  0.000000000000  0.279687500000   1.000000
   0.281250000000  0.000000000000  0.281250000000   1.000000
   0.282812500000  0.000000000000  0.282812500000   1.000000
   0.284375000000  0.000000000000  0.284375000000   1.000000
   0.285937500000  0.000000000000  0.285937500000   1.000000
   0.287500000000  0.000000000000  0.287500000000   1.000000
   0.289062500000  0.000000000000  0.289062500000   1.000000
   0.290625000000  0.000000000000  0.290625000000   1.000000
   0.292187500000  0.000000000000  0.292187500000   1.000000
   0.293750000000  0.000000000000  0.293750000000   1.000000
   0.295312500000  0.000000000000  0.295312500000   1.000000
   0.296875000000  0.000000000000  0.296875000000   1.000000
   0.298437500000  0.000000000000  0.298437500000   1.000000
   0.300000000000  0.000000000000  0.300000000000   1.000000
   0.301562500000  0.000000000000  0.301562500000   1.000000
   0.303125000000  0.000000000000  0.303125000000   1.000000
   0.304687500000  0.000000000000  0.304687500000   1.000000
   0.306250000000  0.000000000000  0.306250000000   1.000000
   0.307812500000  0.000000000000  0.307812500000   1.000000
   0.309375000000  0.000000000000  0.309375000000   1.000000
   0.310937500000  0.000000000000  0.310937500000   1.000000
   0.312500000000  0.000000000000  0.312500000000   1.000000
   0.314062500000  0.000000000000  0.314062500000   1.000000
   0.315625000000  0.000000000000  0.315625000000   1.000000
   0.317187500000  0.000000000000  0.317187500000   1.000000
   0.318750000000  0.000000000000  0.318750000000   1.000000
   0.320312500000  0.000000000000  0.320312500000   1.000000
   0.321875000000  0.000000000000  0.321875000000   1.000000
   0.323437500000  0.000000000000  0.323437500000   1.000000
   0.325000000000  0.000000000000  0.325000000000   1.000000
   0.326562500000  0.000000000000  0.326562500000   1.000000
   0.328125000000  0.000000000000  0.328125000000   1.000000
   0.329687500000  0.000000000000  0.329687500000   1.000000
   0.331250000000  0.000000000000  0.331250000000   1.000000
   0.332812500000  0.000000000000  0.332812500000   1.000000
   0.334375000000  0.000000000000  0.334375000000   1.000000
   0.335937500000  0.000000000000  0.335937500000   1.000000
   0.337500000000  0.000000000000  0.337500000000   1.000000
   0.339062500000  0.000000000000  0.339062500000   1.000000
   0.340625000000  0.000000000000  0.340625000000   1.000000
   0.342187500000  0.000000000000  0.342187500000   1.000000
   0.343750000000  0.000000000000  0.343750000000   1.000000
   0.345312500000  0.000000000000  0.345312500000   1.000000
   0.346875000000  0.000000000000  0.346875000000   1.000000
   0.348437500000  0.000000000000  0.348437500000   1.000000
   0.350000000000  0.000000000000  0.350000000000   1.000000
   0.351562500000  0.000000000000  0.351562500000   1.000000
   0.353125000000  0.000000000000  0.353125000000   1.000000
   0.354687500000  0.000000000000  0.354687500000   1.000000
   0.356250000000  0.000000000000  0.356250000000   1.000000
   0.357812500000  0.000000000000  0.357812500000   1.000000
   0.359375000000  0.000000000000  0.359375000000   1.000000
   0.360937500000  0.000000000000  0.360937500000   1.000000
   0.362500000000  0.000000000000  0.362500000000   1.000000
   0.364062500000  0.000000000000  0.364062500000   1.000000
   0.365625000000  0.000000000000  0.365625000000   1.000000
   0.367187500000  0.000000000000  0.367187500000   1.000000
   0.368750000000  0.000000000000  0.368750000000   1.000000
   0.370312500000  0.000000000000  0.370312500000   1.000000
   0.371875000000  0.000000000000  0.371875000000   1.000000
   0.373437500000  0.000000000000  0.373437500000   1.000000
   0.375000000000  0.000000000000  0.375000000000   1.000000
   0.376562500000  0.000000000000  0.376562500000   1.000000
   0.378125000000  0.000000000000  0.378125000000   1.000000
   0.379687500000  0.000000000000  0.379687500000   1.000000
   0.381250000000  0.000000000000  0.381250000000   1.000000
   0.382812500000  0.000000000000  0.382812500000   1.000000
   0.384375000000  0.000000000000  0.384375000000   1.000000
   0.385937500000  0.000000000000  0.385937500000   1.000000
   0.387500000000  0.000000000000  0.387500000000   1.000000
   0.389062500000  0.000000000000  0.389062500000   1.000000
   0.390625000000  0.000000000000  0.390625000000   1.000000
   0.392187500000  0.000000000000  0.392187500000   1.000000
   0.393750000000  0.000000000000  0.393750000000   1.000000
   0.395312500000  0.000000000000  0.395312500000   1.000000
   0.396875000000  0.000000000000  0.396875000000   1.000000
   0.398437500000  0.000000000000  0.398437500000   1.000000
   0.400000000000  0.000000000000  0.400000000000   1.000000
   0.401562500000  0.000000000000  0.401562500000   1.000000
   0.403125000000  0.000000000000  0.403125000000   1.000000
   0.404687500000  0.000000000000  0.404687500000   1.000000
   0.406250000000  0.000000000000  0.406250000000   1.000000
   0.407812500000  0.000000000000  0.407812500000   1.000000
   0.409375000000  0.000000000000  0.409375000000   1.000000
   0.410937500000  0.000000000000  0.410937500000   1.000000
   0.412500000000  0.000000000000  0.412500000000   1.000000
   0.414062500000  0.000000000000  0.414062500000   1.000000
   0.415625000000  0.000000000000  0.415625000000   1.000000
   0.417187500000  0.000000000000  0.417187500000   1.000000
   0.418750000000  0.000000000000  0.418750000000   1.000000
   0.420312500000  0.000000000000  0.420312500000   1.000000
   0.421875000000  0.000000000000  0.421875000000   1.000000
   0.423437500000  0.000000000000  0.423437500000   1.000000
   0.425000000000  0.000000000000  0.425000000000   1.000000
   0.426562500000  0.000000000000  0.426562500000   1.000000
   0.428125000000  0.000000000000  0.428125000000   1.000000
   0.429687500000  0.000000000000  0.429687500000   1.000000
   0.431250000000  0.000000000000  0.431250000000   1.000000
   0.432812500000  0.000000000000  0.432812500000   1.000000
   0.434375000000  0.000000000000  0.434375000000   1.000000
   0.435937500000  0.000000000000  0.435937500000   1.000000
   0.437500000000  0.000000000000  0.437500000000   1.000000
   0.439062500000  0.000000000000  0.439062500000   1.000000
   0.440625000000  0.000000000000  0.440625000000   1.000000
   0.442187500000  0.000000000000  0.442187500000   1.000000
   0.443750000000  0.000000000000  0.443750000000   1.000000
   0.445312500000  0.000000000000  0.445312500000   1.000000
   0.446875000000  0.000000000000  0.446875000000   1.000000
   0.448437500000  0.000000000000  0.448437500000   1.000000
   0.450000000000  0.000000000000  0.450000000000   1.000000
   0.451562500000  0.000000000000  0.451562500000   1.000000
   0.453125000000  0.000000000000  0.453125000000   1.000000
   0.454687500000  0.000000000000  0.454687500000   1.000000
   0.456250000000  0.000000000000  0.456250000000   1.000000
   0.457812500000  0.000000000000  0.457812500000   1.000000
   0.459375000000  0.000000000000  0.459375000000   1.000000
   0.460937500000  0.000000000000  0.460937500000   1.000000
   0.462500000000  0.000000000000  0.462500000000   1.000000
   0.464062500000  0.000000000000  0.464062500000   1.000000
   0.465625000000  0.000000000000  0.465625000000   1.000000
   0.467187500000  0.000000000000  0.467187500000   1.000000
   0.468750000000  0.000000000000  0.468750000000   1.000000
   0.470312500000  0.000000000000  0.470312500000   1.000000
   0.471875000000  0.000000000000  0.471875000000   1.000000
   0.473437500000  0.000000000000  0.473437500000   1.000000
   0.475000000000  0.000000000000  0.475000000000   1.000000
   0.476562500000  0.000000000000  0.476562500000   1.000000
   0.478125000000  0.000000000000  0.478125000000   1.000000
   0.479687500000  0.000000000000  0.479687500000   1.000000
   0.481250000000  0.000000000000  0.481250000000   1.000000
   0.482812500000  0.000000000000  0.482812500000   1.000000
   0.484375000000  0.000000000000  0.484375000000   1.000000
   0.485937500000  0.000000000000  0.485937500000   1.000000
   0.487500000000  0.000000000000  0.487500000000   1.000000
   0.489062500000  0.000000000000  0.489062500000   1.000000
   0.490625000000  0.000000000000  0.490625000000   1.000000
   0.492187500000  0.000000000000  0.492187500000   1.000000
   0.493750000000  0.000000000000  0.493750000000   1.000000
   0.495312500000  0.000000000000  0.495312500000   1.000000
   0.496875000000  0.000000000000  0.496875000000   1.000000
   0.498437500000  0.000000000000  0.498437500000   1.000000
   0.500000000000  0.000000000000  0.500000000000   1.000000
   0.501562500000  0.003125000000  0.501562500000   1.000000
   0.503125000000  0.006250000000  0.503125000000   1.000000
   0.504687500000  0.009375000000  0.504687500000   1.000000
   0.506250000000  0.012500000000  0.506250000000   1.000000
   0.507812500000  0.015625000000  0.507812500000   1.000000
   0.509375000000  0.018750000000  0.509375000000   1.000000
   0.510937500000  0.021875000000  0.510937500000   1.000000
   0.512500000000  0.025000000000  0.512500000000   1.000000
   0.514062500000  0.028125000000  0.514062500000   1.000000
   0.515625000000  0.031250000000  0.515625000000   1.000000
   0.517187500000  0.034375000000  0.517187500000   1.000000
   0.518750000000  0.037500000000  0.518750000000   1.000000
   0.520312500000  0.040625000000  0.520312500000   1.000000
   0.521875000000  0.043750000000  0.521875000000   1.000000
   0.523437500000  0.046875000000  0.523437500000   1.000000
   0.525000000000  0.050000000000  0.525000000000   1.000000
   0.526562500000  0.053125000000  0.526562500000   1.000000
   0.528125000000  0.056250000000  0.528125000000   1.000000
   0.529687500000  0.059375000000  0.529687500000   1.000000
   0.531250000000  0.062500000000  0.531250000000   1.000000
   0.532812500000  0.065625000000  0.532812500000   1.000000
   0.534375000000  0.068750000000  0.534375000000   1.000000
   0.535937500000  0.071875000000  0.535937500000   1.000000
   0.537500000000  0.075000000000  0.537500000000   1.000000
   0.539062500000  0.078125000000  0.539062500000   1.000000
   0.540625000000  0.081250000000  0.540625000000   1.000000
   0.542187500000  0.084375000000  0.542187500000   1.000000
   0.543750000000  0.087500000000  0.543750000000   1.000000
   0.545312500000  0.090625000000  0.545312500000   1.000000
   0.546875000000  0.093750000000  0.546875000000   1.000000
   0.548437500000  0.096875000000  0.548437500000   1.000000
   0.550000000000  0.100000000000  0.550000000000   1.000000
   0.551562500000  0.103125000000  0.551562500000   1.000000
   0.553125000000  0.106250000000  0.553125000000   1.000000
   0.554687500000  0.109375000000  0.554687500000   1.000000
   0.556250000000  0.112500000000  0.556250000000   1.000000
   0.557812500000  0.115625000000  0.557812500000   1.000000
   0.559375000000  0.118750000000  0.559375000000   1.000000
   0.560937500000  0.121875000000  0.560937500000   1.000000
   0.562500000000  0.125000000000  0.562500000000   1.000000
   0.564062500000  0.128125000000  0.564062500000   1.000000
   0.565625000000  0.131250000000  0.565625000000   1.000000
   0.567187500000  0.134375000000  0.567187500000   1.000000
   0.568750000000  0.137500000000  0.568750000000   1.000000
   0.570312500000  0.140625000000  0.570312500000   1.000000
   0.571875000000  0.143750000000  0.571875000000   1.000000
   0.573437500000  0.146875000000  0.573437500000   1.000000
   0.575000000000  0.150000000000  0.575000000000   1.000000
   0.576562500000  0.153125000000  0.576562500000   1.000000
   0.578125000000  0.156250000000  0.578125000000   1.000000
   0.579687500000  0.159375000000  0.579687500000   1.000000
   0.581250000000  0.162500000000  0.581250000000   1.000000
   0.582812500000  0.165625000000  0.582812500000   1.000000
   0.584375000000  0.168750000000  0.584375000000   1.000000
   0.585937500000  0.171875000000  0.585937500000   1.000000
   0.587500000000  0.175000000000  0.587500000000   1.000000
   0.589062500000  0.178125000000  0.589062500000   1.000000
   0.590625000000  0.181250000000  0.590625000000   1.000000
   0.592187500000  0.184375000000  0.592187500000   1.000000
   0.593750000000  0.187500000000  0.593750000000   1.000000
   0.595312500000  0.190625000000  0.595312500000   1.000000
   0.596875000000  0.193750000000  0.596875000000   1.000000
   0.598437500000  0.196875000000  0.598437500000   1.000000
   0.600000000000  0.200000000000  0.600000000000   1.000000
   0.601562500000  0.203125000000  0.601562500000   1.000000
   0.603125000000  0.206250000000  0.603125000000   1.000000
   0.604687500000  0.209375000000  0.604687500000   1.000000
   0.606250000000  0.212500000000  0.606250000000   1.000000
   0.607812500000  0.215625000000  0.607812500000   1.000000
   0.609375000000  0.218750000000  0.609375000000   1.000000
   0.610937500000  0.221875000000  0.610937500000   1.000000
   0.612500000000  0.225000000000  0.612500000000   1.000000
   0.614062500000  0.228125000000  0.614062500000   1.000000
   0.615625000000  0.231250000000  0.615625000000   1.000000
   0.617187500000  0.234375000000  0.617187500000   1.000000
   0.618750000000  0.237500000000  0.618750000000   1.000000
   0.620312500000  0.240625000000  0.620312500000   1.000000
   0.621875000000  0.243750000000  0.621875000000   1.000000
   0.623437500000  0.246875000000  0.623437500000   1.000000
   0.625000000000  0.250000000000  0.625000000000   1.000000
   0.618750000000  0.253125000000  0.628125000000   1.000000
   0.612500000000  0.256250000000  0.631250000000   1.000000
   0.606250000000  0.259375000000  0.634375000000   1.000000
   0.600000000000  0.262500000000  0.637500000000   1.000000
   0.593750000000  0.265625000000  0.640625000000   1.000000
   0.587500000000  0.268750000000  0.643750000000   1.000000
   0.581250000000  0.271875000000  0.646875000000   1.000000
   0.575000000000  0.275000000000  0.650000000000   1.000000
   0.568750000000  0.278125000000  0.653125000000   1.000000
   0.562500000000  0.281250000000  0.656250000000   1.000000
   0.556250000000  0.284375000000  0.659375000000   1.000000
   0.550000000000  0.287500000000  0.662500000000   1.000000
   0.543750000000  0.290625000000  0.665625000000   1.000000
   0.537500000000  0.293750000000  0.668750000000   1.000000
   0.531250000000  0.296875000000  0.671875000000   1.000000
   0.525000000000  0.300000000000  0.675000000000   1.000000
   0.518750000000  0.303125000000  0.678125000000   1.000000
   0.512500000000  0.306250000000  0.681250000000   1.000000
   0.506250000000  0.309375000000  0.684375000000   1.000000
   0.500000000000  0.312500000000  0.687500000000   1.000000
   0.493750000000  0.315625000000  0.690625000000   1.000000
   0.487500000000  0.318750000000  0.693750000000   1.000000
   0.481250000000  0.321875000000  0.696875000000   1.000000
   0.475000000000  0.325000000000  0.700000000000   1.000000
   0.468750000000  0.328125000000  0.703125000000   1.000000
   0.462500000000  0.331250000000  0.706250000000   1.000000
   0.456250000000  0.334375000000  0.709375000000   1.000000
   0.450000000000  0.337500000000  0.712500000000   1.000000
   0.443750000000  0.340625000000  0.715625000000   1.000000
   0.437500000000  0.343750000000  0.718750000000   1.000000
   0.431250000000  0.346875000000  0.721875000000   1.000000
   0.425000000000  0.350000000000  0.725000000000   1.000000
   0.418750000000  0.353125000000  0.728125000000   1.000000
   0.412500000000  0.356250000000  0.731250000000   1.000000
   0.406250000000  0.359375000000  0.734375000000   1.000000
   0.400000000000  0.362500000000  0.737500000000   1.000000
   0.393750000000  0.365625000000  0.740625000000   1.000000
   0.387500000000  0.368750000000  0.743750000000   1.000000
   0.381250000000  0.371875000000  0.746875000000   1.000000
   0.375000000000  0.375000000000  0.750000000000   1.000000
   0.373958333333  0.373958333333  0.747916666667   1.000000
   0.372916666667  0.372916666667  0.745833333333   1.000000
   0.371875000000  0.371875000000  0.743750000000   1.000000
   0.370833333333  0.370833333333  0.741666666667   1.000000
   0.369791666667  0.369791666667  0.739583333333   1.000000
   0.368750000000  0.368750000000  0.737500000000   1.000000
   0.367708333333  0.367708333333  0.735416666667   1.000000
   0.366666666667  0.366666666667  0.733333333333   1.000000
   0.365625000000  0.365625000000  0.731250000000   1.000000
   0.364583333333  0.364583333333  0.729166666667   1.000000
   0.363541666667  0.363541666667  0.727083333333   1.000000
   0.362500000000  0.362500000000  0.725000000000   1.000000
   0.361458333333  0.361458333333  0.722916666667   1.000000
   0.360416666667  0.360416666667  0.720833333333   1.000000
   0.359375000000  0.359375000000  0.718750000000   1.000000
   0.358333333333  0.358333333333  0.716666666667   1.000000
   0.357291666667  0.357291666667  0.714583333333   1.000000
   0.356250000000  0.356250000000  0.712500000000   1.000000
   0.355208333333  0.355208333333  0.710416666667   1.000000
   0.354166666667  0.354166666667  0.708333333333   1.000000
   0.353125000000  0.353125000000  0.706250000000   1.000000
   0.352083333333  0.352083333333  0.704166666667   1.000000
   0.351041666667  0.351041666667  0.702083333333   1.000000
   0.350000000000  0.350000000000  0.700000000000   1.000000
   0.348958333333  0.348958333333  0.697916666667   1.000000
   0.347916666667  0.347916666667  0.695833333333   1.000000
   0.346875000000  0.346875000000  0.693750000000   1.000000
   0.345833333333  0.345833333333  0.691666666667   1.000000
   0.344791666667  0.344791666667  0.689583333333   1.000000
   0.343750000000  0.343750000000  0.687500000000   1.000000
   0.342708333333  0.342708333333  0.685416666667   1.000000
   0.341666666667  0.341666666667  0.683333333333   1.000000
   0.340625000000  0.340625000000  0.681250000000   1.000000
   0.339583333333  0.339583333333  0.679166666667   1.000000
   0.338541666667  0.338541666667  0.677083333333   1.000000
   0.337500000000  0.337500000000  0.675000000000   1.000000
   0.336458333333  0.336458333333  0.672916666667   1.000000
   0.335416666667  0.335416666667  0.670833333333   1.000000
   0.334375000000  0.334375000000  0.668750000000   1.000000
   0.333333333333  0.333333333333  0.666666666667   1.000000
   0.332291666667  0.332291666667  0.664583333333   1.000000
   0.331250000000  0.331250000000  0.662500000000   1.000000
   0.330208333333  0.330208333333  0.660416666667   1.000000
   0.329166666667  0.329166666667  0.658333333333   1.000000
   0.328125000000  0.328125000000  0.656250000000   1.000000
   0.327083333333  0.327083333333  0.654166666667   1.000000
   0.326041666667  0.326041666667  0.652083333333   1.000000
   0.325000000000  0.325000000000  0.650000000000   1.000000
   0.323958333333  0.323958333333  0.647916666667   1.000000
   0.322916666667  0.322916666667  0.645833333333   1.000000
   0.321875000000  0.321875000000  0.643750000000   1.000000
   0.320833333333  0.320833333333  0.641666666667   1.000000
   0.319791666667  0.319791666667  0.639583333333   1.000000
   0.318750000000  0.318750000000  0.637500000000   1.000000
   0.317708333333  0.317708333333  0.635416666667   1.000000
   0.316666666667  0.316666666667  0.633333333333   1.000000
   0.315625000000  0.315625000000  0.631250000000   1.000000
   0.314583333333  0.314583333333  0.629166666667   1.000000
   0.313541666667  0.313541666667  0.627083333333   1.000000
   0.312500000000  0.312500000000  0.625000000000   1.000000
   0.311458333333  0.311458333333  0.622916666667   1.000000
   0.310416666667  0.310416666667  0.620833333333   1.000000
   0.309375000000  0.309375000000  0.618750000000   1.000000
   0.308333333333  0.308333333333  0.616666666667   1.000000
   0.307291666667  0.307291666667  0.614583333333   1.000000
   0.306250000000  0.306250000000  0.612500000000   1.000000
   0.305208333333  0.305208333333  0.610416666667   1.000000
   0.304166666667  0.304166666667  0.608333333333   1.000000
   0.303125000000  0.303125000000  0.606250000000   1.000000
   0.302083333333  0.302083333333  0.604166666667   1.000000
   0.301041666667  0.301041666667  0.602083333333   1.000000
   0.300000000000  0.300000000000  0.600000000000   1.000000
   0.298958333333  0.298958333333  0.597916666667   1.000000
   0.297916666667  0.297916666667  0.595833333333   1.000000
   0.296875000000  0.296875000000  0.593750000000   1.000000
   0.295833333333  0.295833333333  0.591666666667   1.000000
   0.294791666667  0.294791666667  0.589583333333   1.000000
   0.293750000000  0.293750000000  0.587500000000   1.000000
   0.292708333333  0.292708333333  0.585416666667   1.000000
   0.291666666667  0.291666666667  0.583333333333   1.000000
   0.290625000000  0.290625000000  0.581250000000   1.000000
   0.289583333333  0.289583333333  0.579166666667   1.000000
   0.288541666667  0.288541666667  0.577083333333   1.000000
   0.287500000000  0.287500000000  0.575000000000   1.000000
   0.286458333333  0.286458333333  0.572916666667   1.000000
   0.285416666667  0.285416666667  0.570833333333   1.000000
   0.284375000000  0.284375000000  0.568750000000   1.000000
   0.283333333333  0.283333333333  0.566666666667   1.000000
   0.282291666667  0.282291666667  0.564583333333   1.000000
   0.281250000000  0.281250000000  0.562500000000   1.000000
   0.280208333333  0.280208333333  0.560416666667   1.000000
   0.279166666667  0.279166666667  0.558333333333   1.000000
   0.278125000000  0.278125000000  0.556250000000   1.000000
   0.277083333333  0.277083333333  0.554166666667   1.000000
   0.276041666667  0.276041666667  0.552083333333   1.000000
   0.275000000000  0.275000000000  0.550000000000   1.000000
   0.273958333333  0.273958333333  0.547916666667   1.000000
   0.272916666667  0.272916666667  0.545833333333   1.000000
   0.271875000000  0.271875000000  0.543750000000   1.000000
   0.270833333333  0.270833333333  0.541666666667   1.000000
   0.269791666667  0.269791666667  0.539583333333   1.000000
   0.268750000000  0.268750000000  0.537500000000   1.000000
   0.267708333333  0.267708333333  0.535416666667   1.000000
   0.266666666667  0.266666666667  0.533333333333   1.000000
   0.265625000000  0.265625000000  0.531250000000   1.000000
   0.264583333333  0.264583333333  0.529166666667   1.000000
   0.263541666667  0.263541666667  0.527083333333   1.000000
   0.262500000000  0.262500000000  0.525000000000   1.000000
   0.261458333333  0.261458333333  0.522916666667   1.000000
   0.260416666667  0.260416666667  0.520833333333   1.000000
   0.259375000000  0.259375000000  0.518750000000   1.000000
   0.258333333333  0.258333333333  0.516666666667   1.000000
   0.257291666667  0.257291666667  0.514583333333   1.000000
   0.256250000000  0.256250000000  0.512500000000   1.000000
   0.255208333333  0.255208333333  0.510416666667   1.000000
   0.254166666667  0.254166666667  0.508333333333   1.000000
   0.253125000000  0.253125000000  0.506250000000   1.000000
   0.252083333333  0.252083333333  0.504166666667   1.000000
   0.251041666667  0.251041666667  0.502083333333   1.000000
   0.250000000000  0.250000000000  0.500000000000   1.000000
   0.248958333333  0.248958333333  0.497916666667   1.000000
   0.247916666667  0.247916666667  0.495833333333   1.000000
   0.246875000000  0.246875000000  0.493750000000   1.000000
   0.245833333333  0.245833333333  0.491666666667   1.000000
   0.244791666667  0.244791666667  0.489583333333   1.000000
   0.243750000000  0.243750000000  0.487500000000   1.000000
   0.242708333333  0.242708333333  0.485416666667   1.000000
   0.241666666667  0.241666666667  0.483333333333   1.000000
   0.240625000000  0.240625000000  0.481250000000   1.000000
   0.239583333333  0.239583333333  0.479166666667   1.000000
   0.238541666667  0.238541666667  0.477083333333   1.000000
   0.237500000000  0.237500000000  0.475000000000   1.000000
   0.236458333333  0.236458333333  0.472916666667   1.000000
   0.235416666667  0.235416666667  0.470833333333   1.000000
   0.234375000000  0.234375000000  0.468750000000   1.000000
   0.233333333333  0.233333333333  0.466666666667   1.000000
   0.232291666667  0.232291666667  0.464583333333   1.000000
   0.231250000000  0.231250000000  0.462500000000   1.000000
   0.230208333333  0.230208333333  0.460416666667   1.000000
   0.229166666667  0.229166666667  0.458333333333   1.000000
   0.228125000000  0.228125000000  0.456250000000   1.000000
   0.227083333333  0.227083333333  0.454166666667   1.000000
   0.226041666667  0.226041666667  0.452083333333   1.000000
   0.225000000000  0.225000000000  0.450000000000   1.000000
   0.223958333333  0.223958333333  0.447916666667   1.000000
   0.222916666667  0.222916666667  0.445833333333   1.000000
   0.221875000000  0.221875000000  0.443750000000   1.000000
   0.220833333333  0.220833333333  0.441666666667   1.000000
   0.219791666667  0.219791666667  0.439583333333   1.000000
   0.218750000000  0.218750000000  0.437500000000   1.000000
   0.217708333333  0.217708333333  0.435416666667   1.000000
   0.216666666667  0.216666666667  0.433333333333   1.000000
   0.215625000000  0.215625000000  0.431250000000   1.000000
   0.214583333333  0.214583333333  0.429166666667   1.000000
   0.213541666667  0.213541666667  0.427083333333   1.000000
   0.212500000000  0.212500000000  0.425000000000   1.000000
   0.211458333333  0.211458333333  0.422916666667   1.000000
   0.210416666667  0.210416666667  0.420833333333   1.000000
   0.209375000000  0.209375000000  0.418750000000   1.000000
   0.208333333333  0.208333333333  0.416666666667   1.000000
   0.207291666667  0.207291666667  0.414583333333   1.000000
   0.206250000000  0.206250000000  0.412500000000   1.000000
   0.205208333333  0.205208333333  0.410416666667   1.000000
   0.204166666667  0.204166666667  0.408333333333   1.000000
   0.203125000000  0.203125000000  0.406250000000   1.000000
   0.202083333333  0.202083333333  0.404166666667   1.000000
   0.201041666667  0.201041666667  0.402083333333   1.000000
   0.200000000000  0.200000000000  0.400000000000   1.000000
   0.198958333333  0.198958333333  0.397916666667   1.000000
   0.197916666667  0.197916666667  0.395833333333   1.000000
   0.196875000000  0.196875000000  0.393750000000   1.000000
   0.195833333333  0.195833333333  0.391666666667   1.000000
   0.194791666667  0.194791666667  0.389583333333   1.000000
   0.193750000000  0.193750000000  0.387500000000   1.000000
   0.192708333333  0.192708333333  0.385416666667   1.000000
   0.191666666667  0.191666666667  0.383333333333   1.000000
   0.190625000000  0.190625000000  0.381250000000   1.000000
   0.189583333333  0.189583333333  0.379166666667   1.000000
   0.188541666667  0.188541666667  0.377083333333   1.000000
   0.187500000000  0.187500000000  0.375000000000   1.000000
   0.186458333333  0.186458333333  0.372916666667   1.000000
   0.185416666667  0.185416666667  0.370833333333   1.000000
   0.184375000000  0.184375000000  0.368750000000   1.000000
   0.183333333333  0.183333333333  0.366666666667   1.000000
   0.182291666667  0.182291666667  0.364583333333   1.000000
   0.181250000000  0.181250000000  0.362500000000   1.000000
   0.180208333333  0.180208333333  0.360416666667   1.000000
   0.179166666667  0.179166666667  0.358333333333   1.000000
   0.178125000000  0.178125000000  0.356250000000   1.000000
   0.177083333333  0.177083333333  0.354166666667   1.000000
   0.176041666667  0.176041666667  0.352083333333   1.000000
   0.175000000000  0.175000000000  0.350000000000   1.000000
   0.173958333333  0.173958333333  0.347916666667   1.000000
   0.172916666667  0.172916666667  0.345833333333   1.000000
   0.171875000000  0.171875000000  0.343750000000   1.000000
   0.170833333333  0.170833333333  0.341666666667   1.000000
   0.169791666667  0.169791666667  0.339583333333   1.000000
   0.168750000000  0.168750000000  0.337500000000   1.000000
   0.167708333333  0.167708333333  0.335416666667   1.000000
   0.166666666667  0.166666666667  0.333333333333   1.000000
   0.165625000000  0.165625000000  0.331250000000   1.000000
   0.164583333333  0.164583333333  0.329166666667   1.000000
   0.163541666667  0.163541666667  0.327083333333   1.000000
   0.162500000000  0.162500000000  0.325000000000   1.000000
   0.161458333333  0.161458333333  0.322916666667   1.000000
   0.160416666667  0.160416666667  0.320833333333   1.000000
   0.159375000000  0.159375000000  0.318750000000   1.000000
   0.158333333333  0.158333333333  0.316666666667   1.000000
   0.157291666667  0.157291666667  0.314583333333   1.000000
   0.156250000000  0.156250000000  0.312500000000   1.000000
   0.155208333333  0.155208333333  0.310416666667   1.000000
   0.154166666667  0.154166666667  0.308333333333   1.000000
   0.153125000000  0.153125000000  0.306250000000   1.000000
   0.152083333333  0.152083333333  0.304166666667   1.000000
   0.151041666667  0.151041666667  0.302083333333   1.000000
   0.150000000000  0.150000000000  0.300000000000   1.000000
   0.148958333333  0.148958333333  0.297916666667   1.000000
   0.147916666667  0.147916666667  0.295833333333   1.000000
   0.146875000000  0.146875000000  0.293750000000   1.000000
   0.145833333333  0.145833333333  0.291666666667   1.000000
   0.144791666667  0.144791666667  0.289583333333   1.000000
   0.143750000000  0.143750000000  0.287500000000   1.000000
   0.142708333333  0.142708333333  0.285416666667   1.000000
   0.141666666667  0.141666666667  0.283333333333   1.000000
   0.140625000000  0.140625000000  0.281250000000   1.000000
   0.139583333333  0.139583333333  0.279166666667   1.000000
   0.138541666667  0.138541666667  0.277083333333   1.000000
   0.137500000000  0.137500000000  0.275000000000   1.000000
   0.136458333333  0.136458333333  0.272916666667   1.000000
   0.135416666667  0.135416666667  0.270833333333   1.000000
   0.134375000000  0.134375000000  0.268750000000   1.000000
   0.133333333333  0.133333333333  0.266666666667   1.000000
   0.132291666667  0.132291666667  0.264583333333   1.000000
   0.131250000000  0.131250000000  0.262500000000   1.000000
   0.130208333333  0.130208333333  0.260416666667   1.000000
   0.129166666667  0.129166666667  0.258333333333   1.000000
   0.128125000000  0.128125000000  0.256250000000   1.000000
   0.127083333333  0.127083333333  0.254166666667   1.000000
   0.126041666667  0.126041666667  0.252083333333   1.000000
   0.125000000000  0.125000000000  0.250000000000   1.000000
   0.123958333333  0.123958333333  0.247916666667   1.000000
   0.122916666667  0.122916666667  0.245833333333   1.000000
   0.121875000000  0.121875000000  0.243750000000   1.000000
   0.120833333333  0.120833333333  0.241666666667   1.000000
   0.119791666667  0.119791666667  0.239583333333   1.000000
   0.118750000000  0.118750000000  0.237500000000   1.000000
   0.117708333333  0.117708333333  0.235416666667   1.000000
   0.116666666667  0.116666666667  0.233333333333   1.000000
   0.115625000000  0.115625000000  0.231250000000   1.000000
   0.114583333333  0.114583333333  0.229166666667   1.000000
   0.113541666667  0.113541666667  0.227083333333   1.000000
   0.112500000000  0.112500000000  0.225000000000   1.000000
   0.111458333333  0.111458333333  0.222916666667   1.000000
   0.110416666667  0.110416666667  0.220833333333   1.000000
   0.109375000000  0.109375000000  0.218750000000   1.000000
   0.108333333333  0.108333333333  0.216666666667   1.000000
   0.107291666667  0.107291666667  0.214583333333   1.000000
   0.106250000000  0.106250000000  0.212500000000   1.000000
   0.105208333333  0.105208333333  0.210416666667   1.000000
   0.104166666667  0.104166666667  0.208333333333   1.000000
   0.103125000000  0.103125000000  0.206250000000   1.000000
   0.102083333333  0.102083333333  0.204166666667   1.000000
   0.101041666667  0.101041666667  0.202083333333   1.000000
   0.100000000000  0.100000000000  0.200000000000   1.000000
   0.098958333333  0.098958333333  0.197916666667   1.000000
   0.097916666667  0.097916666667  0.195833333333   1.000000
   0.096875000000  0.096875000000  0.193750000000   1.000000
   0.095833333333  0.095833333333  0.191666666667   1.000000
   0.094791666667  0.094791666667  0.189583333333   1.000000
   0.093750000000  0.093750000000  0.187500000000   1.000000
   0.092708333333  0.092708333333  0.185416666667   1.000000
   0.091666666667  0.091666666667  0.183333333333   1.000000
   0.090625000000  0.090625000000  0.181250000000   1.000000
   0.089583333333  0.089583333333  0.179166666667   1.000000
   0.088541666667  0.088541666667  0.177083333333   1.000000
   0.087500000000  0.087500000000  0.175000000000   1.000000
   0.086458333333  0.086458333333  0.172916666667   1.000000
   0.085416666667  0.085416666667  0.170833333333   1.000000
   0.084375000000  0.084375000000  0.168750000000   1.000000
   0.083333333333  0.083333333333  0.166666666667   1.000000
   0.082291666667  0.082291666667  0.164583333333   1.000000
   0.081250000000  0.081250000000  0.162500000000   1.000000
   0.080208333333  0.080208333333  0.160416666667   1.000000
   0.079166666667  0.079166666667  0.158333333333   1.000000
   0.078125000000  0.078125000000  0.156250000000   1.000000
   0.077083333333  0.077083333333  0.154166666667   1.000000
   0.076041666667  0.076041666667  0.152083333333   1.000000
   0.075000000000  0.075000000000  0.150000000000   1.000000
   0.073958333333  0.073958333333  0.147916666667   1.000000
   0.072916666667  0.072916666667  0.145833333333   1.000000
   0.071875000000  0.071875000000  0.143750000000   1.000000
   0.070833333333  0.070833333333  0.141666666667   1.000000
   0.069791666667  0.069791666667  0.139583333333   1.000000
   0.068750000000  0.068750000000  0.137500000000   1.000000
   0.067708333333  0.067708333333  0.135416666667   1.000000
   0.066666666667  0.066666666667  0.133333333333   1.000000
   0.065625000000  0.065625000000  0.131250000000   1.000000
   0.064583333333  0.064583333333  0.129166666667   1.000000
   0.063541666667  0.063541666667  0.127083333333   1.000000
   0.062500000000  0.062500000000  0.125000000000   1.000000
   0.061458333333  0.061458333333  0.122916666667   1.000000
   0.060416666667  0.060416666667  0.120833333333   1.000000
   0.059375000000  0.059375000000  0.118750000000   1.000000
   0.058333333333  0.058333333333  0.116666666667   1.000000
   0.057291666667  0.057291666667  0.114583333333   1.000000
   0.056250000000  0.056250000000  0.112500000000   1.000000
   0.055208333333  0.055208333333  0.110416666667   1.000000
   0.054166666667  0.054166666667  0.108333333333   1.000000
   0.053125000000  0.053125000000  0.106250000000   1.000000
   0.052083333333  0.052083333333  0.104166666667   1.000000
   0.051041666667  0.051041666667  0.102083333333   1.000000
   0.050000000000  0.050000000000  0.100000000000   1.000000
   0.048958333333  0.048958333333  0.097916666667   1.000000
   0.047916666667  0.047916666667  0.095833333333   1.000000
   0.046875000000  0.046875000000  0.093750000000   1.000000
   0.045833333333  0.045833333333  0.091666666667   1.000000
   0.044791666667  0.044791666667  0.089583333333   1.000000
   0.043750000000  0.043750000000  0.087500000000   1.000000
   0.042708333333  0.042708333333  0.085416666667   1.000000
   0.041666666667  0.041666666667  0.083333333333   1.000000
   0.040625000000  0.040625000000  0.081250000000   1.000000
   0.039583333333  0.039583333333  0.079166666667   1.000000
   0.038541666667  0.038541666667  0.077083333333   1.000000
   0.037500000000  0.037500000000  0.075000000000   1.000000
   0.036458333333  0.036458333333  0.072916666667   1.000000
   0.035416666667  0.035416666667  0.070833333333   1.000000
   0.034375000000  0.034375000000  0.068750000000   1.000000
   0.033333333333  0.033333333333  0.066666666667   1.000000
   0.032291666667  0.032291666667  0.064583333333   1.000000
   0.031250000000  0.031250000000  0.062500000000   1.000000
   0.030208333333  0.030208333333  0.060416666667   1.000000
   0.029166666667  0.029166666667  0.058333333333   1.000000
   0.028125000000  0.028125000000  0.056250000000   1.000000
   0.027083333333  0.027083333333  0.054166666667   1.000000
   0.026041666667  0.026041666667  0.052083333333   1.000000
   0.025000000000  0.025000000000  0.050000000000   1.000000
   0.023958333333  0.023958333333  0.047916666667   1.000000
   0.022916666667  0.022916666667  0.045833333333   1.000000
   0.021875000000  0.021875000000  0.043750000000   1.000000
   0.020833333333  0.020833333333  0.041666666667   1.000000
   0.019791666667  0.019791666667  0.039583333333   1.000000
   0.018750000000  0.018750000000  0.037500000000   1.000000
   0.017708333333  0.017708333333  0.035416666667   1.000000
   0.016666666667  0.016666666667  0.033333333333   1.000000
   0.015625000000  0.015625000000  0.031250000000   1.000000
   0.014583333333  0.014583333333  0.029166666667   1.000000
   0.013541666667  0.013541666667  0.027083333333   1.000000
   0.012500000000  0.012500000000  0.025000000000   1.000000
   0.011458333333  0.011458333333  0.022916666667   1.000000
   0.010416666667  0.010416666667  0.020833333333   1.000000
   0.009375000000  0.009375000000  0.018750000000   1.000000
   0.008333333333  0.008333333333  0.016666666667   1.000000
   0.007291666667  0.007291666667  0.014583333333   1.000000
   0.006250000000  0.006250000000  0.012500000000   1.000000
   0.005208333333  0.005208333333  0.010416666667   1.000000
   0.004166666667  0.004166666667  0.008333333333   1.000000
   0.003125000000  0.003125000000  0.006250000000   1.000000
   0.002083333333  0.002083333333  0.004166666667   1.000000
   0.001041666667  0.001041666667  0.002083333333   1.000000
   0.000000000000  0.000000000000  0.000000000000   1.000000
   0.001785714286  0.001785714286  0.001785714286   1.000000
   0.003571428571  0.003571428571  0.003571428571   1.000000
   0.005357142857  0.005357142857  0.005357142857   1.000000
   0.007142857143  0.007142857143  0.007142857143   1.000000
   0.008928571429  0.008928571429  0.008928571429   1.000000
   0.010714285714  0.010714285714  0.010714285714   1.000000
   0.012500000000  0.012500000000  0.012500000000   1.000000
   0.014285714286  0.014285714286  0.014285714286   1.000000
   0.016071428571  0.016071428571  0.016071428571   1.000000
   0.017857142857  0.017857142857  0.017857142857   1.000000
   0.019642857143  0.019642857143  0.019642857143   1.000000
   0.021428571429  0.021428571429  0.021428571429   1.000000
   0.023214285714  0.023214285714  0.023214285714   1.000000
   0.025000000000  0.025000000000  0.025000000000   1.000000
   0.026785714286  0.026785714286  0.026785714286   1.000000
   0.028571428571  0.028571428571  0.028571428571   1.000000
   0.030357142857  0.030357142857  0.030357142857   1.000000
   0.032142857143  0.032142857143  0.032142857143   1.000000
   0.033928571429  0.033928571429  0.033928571429   1.000000
   0.035714285714  0.035714285714  0.035714285714   1.000000
   0.037500000000  0.037500000000  0.037500000000   1.000000
   0.039285714286  0.039285714286  0.039285714286   1.000000
   0.041071428571  0.041071428571  0.041071428571   1.000000
   0.042857142857  0.042857142857  0.042857142857   1.000000
   0.044642857143  0.044642857143  0.044642857143   1.000000
   0.046428571429  0.046428571429  0.046428571429   1.000000
   0.048214285714  0.048214285714  0.048214285714   1.000000
   0.050000000000  0.050000000000  0.050000000000   1.000000
   0.051785714286  0.051785714286  0.051785714286   1.000000
   0.053571428571  0.053571428571  0.053571428571   1.000000
   0.055357142857  0.055357142857  0.055357142857   1.000000
   0.057142857143  0.057142857143  0.057142857143   1.000000
   0.058928571429  0.058928571429  0.058928571429   1.000000
   0.060714285714  0.060714285714  0.060714285714   1.000000
   0.062500000000  0.062500000000  0.062500000000   1.000000
   0.064285714286  0.064285714286  0.064285714286   1.000000
   0.066071428571  0.066071428571  0.066071428571   1.000000
   0.067857142857  0.067857142857  0.067857142857   1.000000
   0.069642857143  0.069642857143  0.069642857143   1.000000
   0.071428571429  0.071428571429  0.071428571429   1.000000
   0.073214285714  0.073214285714  0.073214285714   1.000000
   0.075000000000  0.075000000000  0.075000000000   1.000000
   0.076785714286  0.076785714286  0.076785714286   1.000000
   0.078571428571  0.078571428571  0.078571428571   1.000000
   0.080357142857  0.080357142857  0.080357142857   1.000000
   0.082142857143  0.082142857143  0.082142857143   1.000000
   0.083928571429  0.083928571429  0.083928571429   1.000000
   0.085714285714  0.085714285714  0.085714285714   1.000000
   0.087500000000  0.087500000000  0.087500000000   1.000000
   0.089285714286  0.089285714286  0.089285714286   1.000000
   0.091071428571  0.091071428571  0.091071428571   1.000000
   0.092857142857  0.092857142857  0.092857142857   1.000000
   0.094642857143  0.094642857143  0.094642857143   1.000000
   0.096428571429  0.096428571429  0.096428571429   1.000000
   0.098214285714  0.098214285714  0.098214285714   1.000000
   0.100000000000  0.100000000000  0.100000000000   1.000000
   0.101785714286  0.101785714286  0.101785714286   1.000000
   0.103571428571  0.103571428571  0.103571428571   1.000000
   0.105357142857  0.105357142857  0.105357142857   1.000000
   0.107142857143  0.107142857143  0.107142857143   1.000000
   0.108928571429  0.108928571429  0.108928571429   1.000000
   0.110714285714  0.110714285714  0.110714285714   1.000000
   0.112500000000  0.112500000000  0.112500000000   1.000000
   0.114285714286  0.114285714286  0.114285714286   1.000000
   0.116071428571  0.116071428571  0.116071428571   1.000000
   0.117857142857  0.117857142857  0.117857142857   1.000000
   0.119642857143  0.119642857143  0.119642857143   1.000000
   0.121428571429  0.121428571429  0.121428571429   1.000000
   0.123214285714  0.123214285714  0.123214285714   1.000000
   0.125000000000  0.125000000000  0.125000000000   1.000000
   0.126785714286  0.126785714286  0.126785714286   1.000000
   0.128571428571  0.128571428571  0.128571428571   1.000000
   0.130357142857  0.130357142857  0.130357142857   1.000000
   0.132142857143  0.132142857143  0.132142857143   1.000000
   0.133928571429  0.133928571429  0.133928571429   1.000000
   0.135714285714  0.135714285714  0.135714285714   1.000000
   0.137500000000  0.137500000000  0.137500000000   1.000000
   0.139285714286  0.139285714286  0.139285714286   1.000000
   0.141071428571  0.141071428571  0.141071428571   1.000000
   0.142857142857  0.142857142857  0.142857142857   1.000000
   0.144642857143  0.144642857143  0.144642857143   1.000000
   0.146428571429  0.146428571429  0.146428571429   1.000000
   0.148214285714  0.148214285714  0.148214285714   1.000000
   0.150000000000  0.150000000000  0.150000000000   1.000000
   0.151785714286  0.151785714286  0.151785714286   1.000000
   0.153571428571  0.153571428571  0.153571428571   1.000000
   0.155357142857  0.155357142857  0.155357142857   1.000000
   0.157142857143  0.157142857143  0.157142857143   1.000000
   0.158928571429  0.158928571429  0.158928571429   1.000000
   0.160714285714  0.160714285714  0.160714285714   1.000000
   0.162500000000  0.162500000000  0.162500000000   1.000000
   0.164285714286  0.164285714286  0.164285714286   1.000000
   0.166071428571  0.166071428571  0.166071428571   1.000000
   0.167857142857  0.167857142857  0.167857142857   1.000000
   0.169642857143  0.169642857143  0.169642857143   1.000000
   0.171428571429  0.171428571429  0.171428571429   1.000000
   0.173214285714  0.173214285714  0.173214285714   1.000000
   0.175000000000  0.175000000000  0.175000000000   1.000000
   0.176785714286  0.176785714286  0.176785714286   1.000000
   0.178571428571  0.178571428571  0.178571428571   1.000000
   0.180357142857  0.180357142857  0.180357142857   1.000000
   0.182142857143  0.182142857143  0.182142857143   1.000000
   0.183928571429  0.183928571429  0.183928571429   1.000000
   0.185714285714  0.185714285714  0.185714285714   1.000000
   0.187500000000  0.187500000000  0.187500000000   1.000000
   0.189285714286  0.189285714286  0.189285714286   1.000000
   0.191071428571  0.191071428571  0.191071428571   1.000000
   0.192857142857  0.192857142857  0.192857142857   1.000000
   0.194642857143  0.194642857143  0.194642857143   1.000000
   0.196428571429  0.196428571429  0.196428571429   1.000000
   0.198214285714  0.198214285714  0.198214285714   1.000000
   0.200000000000  0.200000000000  0.200000000000   1.000000
   0.201785714286  0.201785714286  0.201785714286   1.000000
   0.203571428571  0.203571428571  0.203571428571   1.000000
   0.205357142857  0.205357142857  0.205357142857   1.000000
   0.207142857143  0.207142857143  0.207142857143   1.000000
   0.208928571429  0.208928571429  0.208928571429   1.000000
   0.210714285714  0.210714285714  0.210714285714   1.000000
   0.212500000000  0.212500000000  0.212500000000   1.000000
   0.214285714286  0.214285714286  0.214285714286   1.000000
   0.216071428571  0.216071428571  0.216071428571   1.000000
   0.217857142857  0.217857142857  0.217857142857   1.000000
   0.219642857143  0.219642857143  0.219642857143   1.000000
   0.221428571429  0.221428571429  0.221428571429   1.000000
   0.223214285714  0.223214285714  0.223214285714   1.000000
   0.225000000000  0.225000000000  0.225000000000   1.000000
   0.226785714286  0.226785714286  0.226785714286   1.000000
   0.228571428571  0.228571428571  0.228571428571   1.000000
   0.230357142857  0.230357142857  0.230357142857   1.000000
   0.232142857143  0.232142857143  0.232142857143   1.000000
   0.233928571429  0.233928571429  0.233928571429   1.000000
   0.235714285714  0.235714285714  0.235714285714   1.000000
   0.237500000000  0.237500000000  0.237500000000   1.000000
   0.239285714286  0.239285714286  0.239285714286   1.000000
   0.241071428571  0.241071428571  0.241071428571   1.000000
   0.242857142857  0.242857142857  0.242857142857   1.000000
   0.244642857143  0.244642857143  0.244642857143   1.000000
   0.246428571429  0.246428571429  0.246428571429   1.000000
   0.248214285714  0.248214285714  0.248214285714   1.000000
   0.250000000000  0.250000000000  0.250000000000   1.000000
   0.251785714286  0.251785714286  0.251785714286   1.000000
   0.253571428571  0.253571428571  0.253571428571   1.000000
   0.255357142857  0.255357142857  0.255357142857   1.000000
   0.257142857143  0.257142857143  0.257142857143   1.000000
   0.258928571429  0.258928571429  0.258928571429   1.000000
   0.260714285714  0.260714285714  0.260714285714   1.000000
   0.262500000000  0.262500000000  0.262500000000   1.000000
   0.264285714286  0.264285714286  0.264285714286   1.000000
   0.266071428571  0.266071428571  0.266071428571   1.000000
   0.267857142857  0.267857142857  0.267857142857   1.000000
   0.269642857143  0.269642857143  0.269642857143   1.000000
   0.271428571429  0.271428571429  0.271428571429   1.000000
   0.273214285714  0.273214285714  0.273214285714   1.000000
   0.275000000000  0.275000000000  0.275000000000   1.000000
   0.276785714286  0.276785714286  0.276785714286   1.000000
   0.278571428571  0.278571428571  0.278571428571   1.000000
   0.280357142857  0.280357142857  0.280357142857   1.000000
   0.282142857143  0.282142857143  0.282142857143   1.000000
   0.283928571429  0.283928571429  0.283928571429   1.000000
   0.285714285714  0.285714285714  0.285714285714   1.000000
   0.287500000000  0.287500000000  0.287500000000   1.000000
   0.289285714286  0.289285714286  0.289285714286   1.000000
   0.291071428571  0.291071428571  0.291071428571   1.000000
   0.292857142857  0.292857142857  0.292857142857   1.000000
   0.294642857143  0.294642857143  0.294642857143   1.000000
   0.296428571429  0.296428571429  0.296428571429   1.000000
   0.298214285714  0.298214285714  0.298214285714   1.000000
   0.300000000000  0.300000000000  0.300000000000   1.000000
   0.301785714286  0.301785714286  0.301785714286   1.000000
   0.303571428571  0.303571428571  0.303571428571   1.000000
   0.305357142857  0.305357142857  0.305357142857   1.000000
   0.307142857143  0.307142857143  0.307142857143   1.000000
   0.308928571429  0.308928571429  0.308928571429   1.000000
   0.310714285714  0.310714285714  0.310714285714   1.000000
   0.312500000000  0.312500000000  0.312500000000   1.000000
   0.314285714286  0.314285714286  0.314285714286   1.000000
   0.316071428571  0.316071428571  0.316071428571   1.000000
   0.317857142857  0.317857142857  0.317857142857   1.000000
   0.319642857143  0.319642857143  0.319642857143   1.000000
   0.321428571429  0.321428571429  0.321428571429   1.000000
   0.323214285714  0.323214285714  0.323214285714   1.000000
   0.325000000000  0.325000000000  0.325000000000   1.000000
   0.326785714286  0.326785714286  0.326785714286   1.000000
   0.328571428571  0.328571428571  0.328571428571   1.000000
   0.330357142857  0.330357142857  0.330357142857   1.000000
   0.332142857143  0.332142857143  0.332142857143   1.000000
   0.333928571429  0.333928571429  0.333928571429   1.000000
   0.335714285714  0.335714285714  0.335714285714   1.000000
   0.337500000000  0.337500000000  0.337500000000   1.000000
   0.339285714286  0.339285714286  0.339285714286   1.000000
   0.341071428571  0.341071428571  0.341071428571   1.000000
   0.342857142857  0.342857142857  0.342857142857   1.000000
   0.344642857143  0.344642857143  0.344642857143   1.000000
   0.346428571429  0.346428571429  0.346428571429   1.000000
   0.348214285714  0.348214285714  0.348214285714   1.000000
   0.350000000000  0.350000000000  0.350000000000   1.000000
   0.351785714286  0.351785714286  0.351785714286   1.000000
   0.353571428571  0.353571428571  0.353571428571   1.000000
   0.355357142857  0.355357142857  0.355357142857   1.000000
   0.357142857143  0.357142857143  0.357142857143   1.000000
   0.358928571429  0.358928571429  0.358928571429   1.000000
   0.360714285714  0.360714285714  0.360714285714   1.000000
   0.362500000000  0.362500000000  0.362500000000   1.000000
   0.364285714286  0.364285714286  0.364285714286   1.000000
   0.366071428571  0.366071428571  0.366071428571   1.000000
   0.367857142857  0.367857142857  0.367857142857   1.000000
   0.369642857143  0.369642857143  0.369642857143   1.000000
   0.371428571429  0.371428571429  0.371428571429   1.000000
   0.373214285714  0.373214285714  0.373214285714   1.000000
   0.375000000000  0.375000000000  0.375000000000   1.000000
   0.376785714286  0.376785714286  0.376785714286   1.000000
   0.378571428571  0.378571428571  0.378571428571   1.000000
   0.380357142857  0.380357142857  0.380357142857   1.000000
   0.382142857143  0.382142857143  0.382142857143   1.000000
   0.383928571429  0.383928571429  0.383928571429   1.000000
   0.385714285714  0.385714285714  0.385714285714   1.000000
   0.387500000000  0.387500000000  0.387500000000   1.000000
   0.389285714286  0.389285714286  0.389285714286   1.000000
   0.391071428571  0.391071428571  0.391071428571   1.000000
   0.392857142857  0.392857142857  0.392857142857   1.000000
   0.394642857143  0.394642857143  0.394642857143   1.000000
   0.396428571429  0.396428571429  0.396428571429   1.000000
   0.398214285714  0.398214285714  0.398214285714   1.000000
   0.400000000000  0.400000000000  0.400000000000   1.000000
   0.401785714286  0.401785714286  0.401785714286   1.000000
   0.403571428571  0.403571428571  0.403571428571   1.000000
   0.405357142857  0.405357142857  0.405357142857   1.000000
   0.407142857143  0.407142857143  0.407142857143   1.000000
   0.408928571429  0.408928571429  0.408928571429   1.000000
   0.410714285714  0.410714285714  0.410714285714   1.000000
   0.412500000000  0.412500000000  0.412500000000   1.000000
   0.414285714286  0.414285714286  0.414285714286   1.000000
   0.416071428571  0.416071428571  0.416071428571   1.000000
   0.417857142857  0.417857142857  0.417857142857   1.000000
   0.419642857143  0.419642857143  0.419642857143   1.000000
   0.421428571429  0.421428571429  0.421428571429   1.000000
   0.423214285714  0.423214285714  0.423214285714   1.000000
   0.425000000000  0.425000000000  0.425000000000   1.000000
   0.426785714286  0.426785714286  0.426785714286   1.000000
   0.428571428571  0.428571428571  0.428571428571   1.000000
   0.430357142857  0.430357142857  0.430357142857   1.000000
   0.432142857143  0.432142857143  0.432142857143   1.000000
   0.433928571429  0.433928571429  0.433928571429   1.000000
   0.435714285714  0.435714285714  0.435714285714   1.000000
   0.437500000000  0.437500000000  0.437500000000   1.000000
   0.439285714286  0.439285714286  0.439285714286   1.000000
   0.441071428571  0.441071428571  0.441071428571   1.000000
   0.442857142857  0.442857142857  0.442857142857   1.000000
   0.444642857143  0.444642857143  0.444642857143   1.000000
   0.446428571429  0.446428571429  0.446428571429   1.000000
   0.448214285714  0.448214285714  0.448214285714   1.000000
   0.450000000000  0.450000000000  0.450000000000   1.000000
   0.451785714286  0.451785714286  0.451785714286   1.000000
   0.453571428571  0.453571428571  0.453571428571   1.000000
   0.455357142857  0.455357142857  0.455357142857   1.000000
   0.457142857143  0.457142857143  0.457142857143   1.000000
   0.458928571429  0.458928571429  0.458928571429   1.000000
   0.460714285714  0.460714285714  0.460714285714   1.000000
   0.462500000000  0.462500000000  0.462500000000   1.000000
   0.464285714286  0.464285714286  0.464285714286   1.000000
   0.466071428571  0.466071428571  0.466071428571   1.000000
   0.467857142857  0.467857142857  0.467857142857   1.000000
   0.469642857143  0.469642857143  0.469642857143   1.000000
   0.471428571429  0.471428571429  0.471428571429   1.000000
   0.473214285714  0.473214285714  0.473214285714   1.000000
   0.475000000000  0.475000000000  0.475000000000   1.000000
   0.476785714286  0.476785714286  0.476785714286   1.000000
   0.478571428571  0.478571428571  0.478571428571   1.000000
   0.480357142857  0.480357142857  0.480357142857   1.000000
   0.482142857143  0.482142857143  0.482142857143   1.000000
   0.483928571429  0.483928571429  0.483928571429   1.000000
   0.485714285714  0.485714285714  0.485714285714   1.000000
   0.487500000000  0.487500000000  0.487500000000   1.000000
   0.489285714286  0.489285714286  0.489285714286   1.000000
   0.491071428571  0.491071428571  0.491071428571   1.000000
   0.492857142857  0.492857142857  0.492857142857   1.000000
   0.494642857143  0.494642857143  0.494642857143   1.000000
   0.496428571429  0.496428571429  0.496428571429   1.000000
   0.498214285714  0.498214285714  0.498214285714   1.000000
   0.500000000000  0.500000000000  0.500000000000   1.000000
   0.500000000000  0.498750000000  0.501250000000   1.000000
   0.500000000000  0.497500000000  0.502500000000   1.000000
   0.500000000000  0.496250000000  0.503750000000   1.000000
   0.500000000000  0.495000000000  0.505000000000   1.000000
   0.500000000000  0.493750000000  0.506250000000   1.000000
   0.500000000000  0.492500000000  0.507500000000   1.000000
   0.500000000000  0.491250000000  0.508750000000   1.000000
   0.500000000000  0.490000000000  0.510000000000   1.000000
   0.500000000000  0.488750000000  0.511250000000   1.000000
   0.500000000000  0.487500000000  0.512500000000   1.000000
   0.500000000000  0.486250000000  0.513750000000   1.000000
   0.500000000000  0.485000000000  0.515000000000   1.000000
   0.500000000000  0.483750000000  0.516250000000   1.000000
   0.500000000000  0.482500000000  0.517500000000   1.000000
   0.500000000000  0.481250000000  0.518750000000   1.000000
   0.500000000000  0.480000000000  0.520000000000   1.000000
   0.500000000000  0.478750000000  0.521250000000   1.000000
   0.500000000000  0.477500000000  0.522500000000   1.000000
   0.500000000000  0.476250000000  0.523750000000   1.000000
   0.500000000000  0.475000000000  0.525000000000   1.000000
   0.500000000000  0.473750000000  0.526250000000   1.000000
   0.500000000000  0.472500000000  0.527500000000   1.000000
   0.500000000000  0.471250000000  0.528750000000   1.000000
   0.500000000000  0.470000000000  0.530000000000   1.000000
   0.500000000000  0.468750000000  0.531250000000   1.000000
   0.500000000000  0.467500000000  0.532500000000   1.000000
   0.500000000000  0.466250000000  0.533750000000   1.000000
   0.500000000000  0.465000000000  0.535000000000   1.000000
   0.500000000000  0.463750000000  0.536250000000   1.000000
   0.500000000000  0.462500000000  0.537500000000   1.000000
   0.500000000000  0.461250000000  0.538750000000   1.000000
   0.500000000000  0.460000000000  0.540000000000   1.000000
   0.500000000000  0.458750000000  0.541250000000   1.000000
   0.500000000000  0.457500000000  0.542500000000   1.000000
   0.500000000000  0.456250000000  0.543750000000   1.000000
   0.500000000000  0.455000000000  0.545000000000   1.000000
   0.500000000000  0.453750000000  0.546250000000   1.000000
   0.500000000000  0.452500000000  0.547500000000   1.000000
   0.500000000000  0.451250000000  0.548750000000   1.000000
   0.500000000000  0.450000000000  0.550000000000   1.000000
   0.500000000000  0.448750000000  0.551250000000   1.000000
   0.500000000000  0.447500000000  0.552500000000   1.000000
   0.500000000000  0.446250000000  0.553750000000   1.000000
   0.500000000000  0.445000000000  0.555000000000   1.000000
   0.500000000000  0.443750000000  0.556250000000   1.000000
   0.500000000000  0.442500000000  0.557500000000   1.000000
   0.500000000000  0.441250000000  0.558750000000   1.000000
   0.500000000000  0.440000000000  0.560000000000   1.000000
   0.500000000000  0.438750000000  0.561250000000   1.000000
   0.500000000000  0.437500000000  0.562500000000   1.000000
   0.500000000000  0.436250000000  0.563750000000   1.000000
   0.500000000000  0.435000000000  0.565000000000   1.000000
   0.500000000000  0.433750000000  0.566250000000   1.000000
   0.500000000000  0.432500000000  0.567500000000   1.000000
   0.500000000000  0.431250000000  0.568750000000   1.000000
   0.500000000000  0.430000000000  0.570000000000   1.000000
   0.500000000000  0.428750000000  0.571250000000   1.000000
   0.500000000000  0.427500000000  0.572500000000   1.000000
   0.500000000000  0.426250000000  0.573750000000   1.000000
   0.500000000000  0.425000000000  0.575000000000   1.000000
   0.500000000000  0.423750000000  0.576250000000   1.000000
   0.500000000000  0.422500000000  0.577500000000   1.000000
   0.500000000000  0.421250000000  0.578750000000   1.000000
   0.500000000000  0.420000000000  0.580000000000   1.000000
   0.500000000000  0.418750000000  0.581250000000   1.000000
   0.500000000000  0.417500000000  0.582500000000   1.000000
   0.500000000000  0.416250000000  0.583750000000   1.000000
   0.500000000000  0.415000000000  0.585000000000   1.000000
   0.500000000000  0.413750000000  0.586250000000   1.000000
   0.500000000000  0.412500000000  0.587500000000   1.000000
   0.500000000000  0.411250000000  0.588750000000   1.000000
   0.500000000000  0.410000000000  0.590000000000   1.000000
   0.500000000000  0.408750000000  0.591250000000   1.000000
   0.500000000000  0.407500000000  0.592500000000   1.000000
   0.500000000000  0.406250000000  0.593750000000   1.000000
   0.500000000000  0.405000000000  0.595000000000   1.000000
   0.500000000000  0.403750000000  0.596250000000   1.000000
   0.500000000000  0.402500000000  0.597500000000   1.000000
   0.500000000000  0.401250000000  0.598750000000   1.000000
   0.500000000000  0.400000000000  0.600000000000   1.000000
   0.500000000000  0.398750000000  0.601250000000   1.000000
   0.500000000000  0.397500000000  0.602500000000   1.000000
   0.500000000000  0.396250000000  0.603750000000   1.000000
   0.500000000000  0.395000000000  0.605000000000   1.000000
   0.500000000000  0.393750000000  0.606250000000   1.000000
   0.500000000000  0.392500000000  0.607500000000   1.000000
   0.500000000000  0.391250000000  0.608750000000   1.000000
   0.500000000000  0.390000000000  0.610000000000   1.000000
   0.500000000000  0.388750000000  0.611250000000   1.000000
   0.500000000000  0.387500000000  0.612500000000   1.000000
   0.500000000000  0.386250000000  0.613750000000   1.000000
   0.500000000000  0.385000000000  0.615000000000   1.000000
   0.500000000000  0.383750000000  0.616250000000   1.000000
   0.500000000000  0.382500000000  0.617500000000   1.000000
   0.500000000000  0.381250000000  0.618750000000   1.000000
   0.500000000000  0.380000000000  0.620000000000   1.000000
   0.500000000000  0.378750000000  0.621250000000   1.000000
   0.500000000000  0.377500000000  0.622500000000   1.000000
   0.500000000000  0.376250000000  0.623750000000   1.000000
   0.500000000000  0.375000000000  0.625000000000   1.000000
   0.500000000000  0.373750000000  0.626250000000   1.000000
   0.500000000000  0.372500000000  0.627500000000   1.000000
   0.500000000000  0.371250000000  0.628750000000   1.000000
   0.500000000000  0.370000000000  0.630000000000   1.000000
   0.500000000000  0.368750000000  0.631250000000   1.000000
   0.500000000000  0.367500000000  0.632500000000   1.000000
   0.500000000000  0.366250000000  0.633750000000   1.000000
   0.500000000000  0.365000000000  0.635000000000   1.000000
   0.500000000000  0.363750000000  0.636250000000   1.000000
   0.500000000000  0.362500000000  0.637500000000   1.000000
   0.500000000000  0.361250000000  0.638750000000   1.000000
   0.500000000000  0.360000000000  0.640000000000   1.000000
   0.500000000000  0.358750000000  0.641250000000   1.000000
   0.500000000000  0.357500000000  0.642500000000   1.000000
   0.500000000000  0.356250000000  0.643750000000   1.000000
   0.500000000000  0.355000000000  0.645000000000   1.000000
   0.500000000000  0.353750000000  0.646250000000   1.000000
   0.500000000000  0.352500000000  0.647500000000   1.000000
   0.500000000000  0.351250000000  0.648750000000   1.000000
   0.500000000000  0.350000000000  0.650000000000   1.000000
   0.500000000000  0.348750000000  0.651250000000   1.000000
   0.500000000000  0.347500000000  0.652500000000   1.000000
   0.500000000000  0.346250000000  0.653750000000   1.000000
   0.500000000000  0.345000000000  0.655000000000   1.000000
   0.500000000000  0.343750000000  0.656250000000   1.000000
   0.500000000000  0.342500000000  0.657500000000   1.000000
   0.500000000000  0.341250000000  0.658750000000   1.000000
   0.500000000000  0.340000000000  0.660000000000   1.000000
   0.500000000000  0.338750000000  0.661250000000   1.000000
   0.500000000000  0.337500000000  0.662500000000   1.000000
   0.500000000000  0.336250000000  0.663750000000   1.000000
   0.500000000000  0.335000000000  0.665000000000   1.000000
   0.500000000000  0.333750000000  0.666250000000   1.000000
   0.500000000000  0.332500000000  0.667500000000   1.000000
   0.500000000000  0.331250000000  0.668750000000   1.000000
   0.500000000000  0.330000000000  0.670000000000   1.000000
   0.500000000000  0.328750000000  0.671250000000   1.000000
   0.500000000000  0.327500000000  0.672500000000   1.000000
   0.500000000000  0.326250000000  0.673750000000   1.000000
   0.500000000000  0.325000000000  0.675000000000   1.000000
   0.500000000000  0.323750000000  0.676250000000   1.000000
   0.500000000000  0.322500000000  0.677500000000   1.000000
   0.500000000000  0.321250000000  0.678750000000   1.000000
   0.500000000000  0.320000000000  0.680000000000   1.000000
   0.500000000000  0.318750000000  0.681250000000   1.000000
   0.500000000000  0.317500000000  0.682500000000   1.000000
   0.500000000000  0.316250000000  0.683750000000   1.000000
   0.500000000000  0.315000000000  0.685000000000   1.000000
   0.500000000000  0.313750000000  0.686250000000   1.000000
   0.500000000000  0.312500000000  0.687500000000   1.000000
   0.500000000000  0.311250000000  0.688750000000   1.000000
   0.500000000000  0.310000000000  0.690000000000   1.000000
   0.500000000000  0.308750000000  0.691250000000   1.000000
   0.500000000000  0.307500000000  0.692500000000   1.000000
   0.500000000000  0.306250000000  0.693750000000   1.000000
   0.500000000000  0.305000000000  0.695000000000   1.000000
   0.500000000000  0.303750000000  0.696250000000   1.000000
   0.500000000000  0.302500000000  0.697500000000   1.000000
   0.500000000000  0.301250000000  0.698750000000   1.000000
   0.500000000000  0.300000000000  0.700000000000   1.000000
   0.500000000000  0.298750000000  0.701250000000   1.000000
   0.500000000000  0.297500000000  0.702500000000   1.000000
   0.500000000000  0.296250000000  0.703750000000   1.000000
   0.500000000000  0.295000000000  0.705000000000   1.000000
   0.500000000000  0.293750000000  0.706250000000   1.000000
   0.500000000000  0.292500000000  0.707500000000   1.000000
   0.500000000000  0.291250000000  0.708750000000   1.000000
   0.500000000000  0.290000000000  0.710000000000   1.000000
   0.500000000000  0.288750000000  0.711250000000   1.000000
   0.500000000000  0.287500000000  0.712500000000   1.000000
   0.500000000000  0.286250000000  0.713750000000   1.000000
   0.500000000000  0.285000000000  0.715000000000   1.000000
   0.500000000000  0.283750000000  0.716250000000   1.000000
   0.500000000000  0.282500000000  0.717500000000   1.000000
   0.500000000000  0.281250000000  0.718750000000   1.000000
   0.500000000000  0.280000000000  0.720000000000   1.000000
   0.500000000000  0.278750000000  0.721250000000   1.000000
   0.500000000000  0.277500000000  0.722500000000   1.000000
   0.500000000000  0.276250000000  0.723750000000   1.000000
   0.500000000000  0.275000000000  0.725000000000   1.000000
   0.500000000000  0.273750000000  0.726250000000   1.000000
   0.500000000000  0.272500000000  0.727500000000   1.000000
   0.500000000000  0.271250000000  0.728750000000   1.000000
   0.500000000000  0.270000000000  0.730000000000   1.000000
   0.500000000000  0.268750000000  0.731250000000   1.000000
   0.500000000000  0.267500000000  0.732500000000   1.000000
   0.500000000000  0.266250000000  0.733750000000   1.000000
   0.500000000000  0.265000000000  0.735000000000   1.000000
   0.500000000000  0.263750000000  0.736250000000   1.000000
   0.500000000000  0.262500000000  0.737500000000   1.000000
   0.500000000000  0.261250000000  0.738750000000   1.000000
   0.500000000000  0.260000000000  0.740000000000   1.000000
   0.500000000000  0.258750000000  0.741250000000   1.000000
   0.500000000000  0.257500000000  0.742500000000   1.000000
   0.500000000000  0.256250000000  0.743750000000   1.000000
   0.500000000000  0.255000000000  0.745000000000   1.000000
   0.500000000000  0.253750000000  0.746250000000   1.000000
   0.500000000000  0.252500000000  0.747500000000   1.000000
   0.500000000000  0.251250000000  0.748750000000   1.000000
   0.500000000000  0.250000000000  0.750000000000   1.000000
   0.500000000000  0.247916666667  0.747916666667   1.000000
   0.500000000000  0.245833333333  0.745833333333   1.000000
   0.500000000000  0.243750000000  0.743750000000   1.000000
   0.500000000000  0.241666666667  0.741666666667   1.000000
   0.500000000000  0.239583333333  0.739583333333   1.000000
   0.500000000000  0.237500000000  0.737500000000   1.000000
   0.500000000000  0.235416666667  0.735416666667   1.000000
   0.500000000000  0.233333333333  0.733333333333   1.000000
   0.500000000000  0.231250000000  0.731250000000   1.000000
   0.500000000000  0.229166666667  0.729166666667   1.000000
   0.500000000000  0.227083333333  0.727083333333   1.000000
   0.500000000000  0.225000000000  0.725000000000   1.000000
   0.500000000000  0.222916666667  0.722916666667   1.000000
   0.500000000000  0.220833333333  0.720833333333   1.000000
   0.500000000000  0.218750000000  0.718750000000   1.000000
   0.500000000000  0.216666666667  0.716666666667   1.000000
   0.500000000000  0.214583333333  0.714583333333   1.000000
   0.500000000000  0.212500000000  0.712500000000   1.000000
   0.500000000000  0.210416666667  0.710416666667   1.000000
   0.500000000000  0.208333333333  0.708333333333   1.000000
   0.500000000000  0.206250000000  0.706250000000   1.000000
   0.500000000000  0.204166666667  0.704166666667   1.000000
   0.500000000000  0.202083333333  0.702083333333   1.000000
   0.500000000000  0.200000000000  0.700000000000   1.000000
   0.500000000000  0.197916666667  0.697916666667   1.000000
   0.500000000000  0.195833333333  0.695833333333   1.000000
   0.500000000000  0.193750000000  0.693750000000   1.000000
   0.500000000000  0.191666666667  0.691666666667   1.000000
   0.500000000000  0.189583333333  0.689583333333   1.000000
   0.500000000000  0.187500000000  0.687500000000   1.000000
   0.500000000000  0.185416666667  0.685416666667   1.000000
   0.500000000000  0.183333333333  0.683333333333   1.000000
   0.500000000000  0.181250000000  0.681250000000   1.000000
   0.500000000000  0.179166666667  0.679166666667   1.000000
   0.500000000000  0.177083333333  0.677083333333   1.000000
   0.500000000000  0.175000000000  0.675000000000   1.000000
   0.500000000000  0.172916666667  0.672916666667   1.000000
   0.500000000000  0.170833333333  0.670833333333   1.000000
   0.500000000000  0.168750000000  0.668750000000   1.000000
   0.500000000000  0.166666666667  0.666666666667   1.000000
   0.500000000000  0.164583333333  0.664583333333   1.000000
   0.500000000000  0.162500000000  0.662500000000   1.000000
   0.500000000000  0.160416666667  0.660416666667   1.000000
   0.500000000000  0.158333333333  0.658333333333   1.000000
   0.500000000000  0.156250000000  0.656250000000   1.000000
   0.500000000000  0.154166666667  0.654166666667   1.000000
   0.500000000000  0.152083333333  0.652083333333   1.000000
   0.500000000000  0.150000000000  0.650000000000   1.000000
   0.500000000000  0.147916666667  0.647916666667   1.000000
   0.500000000000  0.145833333333  0.645833333333   1.000000
   0.500000000000  0.143750000000  0.643750000000   1.000000
   0.500000000000  0.141666666667  0.641666666667   1.000000
   0.500000000000  0.139583333333  0.639583333333   1.000000
   0.500000000000  0.137500000000  0.637500000000   1.000000
   0.500000000000  0.135416666667  0.635416666667   1.000000
   0.500000000000  0.133333333333  0.633333333333   1.000000
   0.500000000000  0.131250000000  0.631250000000   1.000000
   0.500000000000  0.129166666667  0.629166666667   1.000000
   0.500000000000  0.127083333333  0.627083333333   1.000000
   0.500000000000  0.125000000000  0.625000000000   1.000000
   0.500000000000  0.122916666667  0.622916666667   1.000000
   0.500000000000  0.120833333333  0.620833333333   1.000000
   0.500000000000  0.118750000000  0.618750000000   1.000000
   0.500000000000  0.116666666667  0.616666666667   1.000000
   0.500000000000  0.114583333333  0.614583333333   1.000000
   0.500000000000  0.112500000000  0.612500000000   1.000000
   0.500000000000  0.110416666667  0.610416666667   1.000000
   0.500000000000  0.108333333333  0.608333333333   1.000000
   0.500000000000  0.106250000000  0.606250000000   1.000000
   0.500000000000  0.104166666667  0.604166666667   1.000000
   0.500000000000  0.102083333333  0.602083333333   1.000000
   0.500000000000  0.100000000000  0.600000000000   1.000000
   0.500000000000  0.097916666667  0.597916666667   1.000000
   0.500000000000  0.095833333333  0.595833333333   1.000000
   0.500000000000  0.093750000000  0.593750000000   1.000000
   0.500000000000  0.091666666667  0.591666666667   1.000000
   0.500000000000  0.089583333333  0.589583333333   1.000000
   0.500000000000  0.087500000000  0.587500000000   1.000000
   0.500000000000  0.085416666667  0.585416666667   1.000000
   0.500000000000  0.083333333333  0.583333333333   1.000000
   0.500000000000  0.081250000000  0.581250000000   1.000000
   0.500000000000  0.079166666667  0.579166666667   1.000000
   0.500000000000  0.077083333333  0.577083333333   1.000000
   0.500000000000  0.075000000000  0.575000000000   1.000000
   0.500000000000  0.072916666667  0.572916666667   1.000000
   0.500000000000  0.070833333333  0.570833333333   1.000000
   0.500000000000  0.068750000000  0.568750000000   1.000000
   0.500000000000  0.066666666667  0.566666666667   1.000000
   0.500000000000  0.064583333333  0.564583333333   1.000000
   0.500000000000  0.062500000000  0.562500000000   1.000000
   0.500000000000  0.060416666667  0.560416666667   1.000000
   0.500000000000  0.058333333333  0.558333333333   1.000000
   0.500000000000  0.056250000000  0.556250000000   1.000000
   0.500000000000  0.054166666667  0.554166666667   1.000000
   0.500000000000  0.052083333333  0.552083333333   1.000000
   0.500000000000  0.050000000000  0.550000000000   1.000000
   0.500000000000  0.047916666667  0.547916666667   1.000000
   0.500000000000  0.045833333333  0.545833333333   1.000000
   0.500000000000  0.043750000000  0.543750000000   1.000000
   0.500000000000  0.041666666667  0.541666666667   1.000000
   0.500000000000  0.039583333333  0.539583333333   1.000000
   0.500000000000  0.037500000000  0.537500000000   1.000000
   0.500000000000  0.035416666667  0.535416666667   1.000000
   0.500000000000  0.033333333333  0.533333333333   1.000000
   0.500000000000  0.031250000000  0.531250000000   1.000000
   0.500000000000  0.029166666667  0.529166666667   1.000000
   0.500000000000  0.027083333333  0.527083333333   1.000000
   0.500000000000  0.025000000000  0.525000000000   1.000000
   0.500000000000  0.022916666667  0.522916666667   1.000000
   0.500000000000  0.020833333333  0.520833333333   1.000000
   0.500000000000  0.018750000000  0.518750000000   1.000000
   0.500000000000  0.016666666667  0.516666666667   1.000000
   0.500000000000  0.014583333333  0.514583333333   1.000000
   0.500000000000  0.012500000000  0.512500000000   1.000000
   0.500000000000  0.010416666667  0.510416666667   1.000000
   0.500000000000  0.008333333333  0.508333333333   1.000000
   0.500000000000  0.006250000000  0.506250000000   1.000000
   0.500000000000  0.004166666667  0.504166666667   1.000000
   0.500000000000  0.002083333333  0.502083333333   1.000000
   0.500000000000  0.000000000000  0.500000000000   1.000000
