&CONTROL
   calculation = 'bands'
   pseudo_dir = '/home/User/opencode_workspace/DFT/pseudopotentials'
   outdir = '/home/User/opencode_workspace/DFT/calculations/cdte/mass_nosoc_vb_e120/out'
   verbosity = 'high'
   tprnfor = .false.
   tstress = .false.
   wf_collect = .true.
/

&SYSTEM
   ibrav = 0
   nat = 2
   ntyp = 2
   ecutwfc = 120.0
   occupations = 'fixed'
   ecutrho = 720.0
   nbnd = 17
/

&ELECTRONS
   conv_thr = 1e-10
   mixing_beta = 0.3
   electron_maxstep = 200
   diagonalization = 'david'
/

ATOMIC_SPECIES
  Cd   112.4140  Cd.pbe-n-rrkjus_psl.1.0.0.UPF
  Te   127.6000  Te.pbe-n-rrkjus_psl.1.0.0.UPF

CELL_PARAMETERS angstrom
   0.000000000000  3.311522000000  3.311522000000
   3.311522000000  0.000000000000  3.311522000000
   3.311522000000  3.311522000000  0.000000000000

ATOMIC_POSITIONS crystal
  Cd    0.000000000000  0.000000000000  0.000000000000
  Te    0.250000000000  0.250000000000  0.250000000000

K_POINTS crystal
123
  -0.050000000000 -0.000000000000 -0.000000000000   1.000000
  -0.047500000000 -0.000000000000 -0.000000000000   1.000000
  -0.045000000000 -0.000000000000 -0.000000000000   1.000000
  -0.042500000000 -0.000000000000 -0.000000000000   1.000000
  -0.040000000000 -0.000000000000 -0.000000000000   1.000000
  -0.037500000000 -0.000000000000 -0.000000000000   1.000000
  -0.035000000000 -0.000000000000 -0.000000000000   1.000000
  -0.032500000000 -0.000000000000 -0.000000000000   1.000000
  -0.030000000000 -0.000000000000 -0.000000000000   1.000000
  -0.027500000000 -0.000000000000 -0.000000000000   1.000000
  -0.025000000000 -0.000000000000 -0.000000000000   1.000000
  -0.022500000000 -0.000000000000 -0.000000000000   1.000000
  -0.020000000000 -0.000000000000 -0.000000000000   1.000000
  -0.017500000000 -0.000000000000 -0.000000000000   1.000000
  -0.015000000000 -0.000000000000 -0.000000000000   1.000000
  -0.012500000000 -0.000000000000 -0.000000000000   1.000000
  -0.010000000000 -0.000000000000 -0.000000000000   1.000000
  -0.007500000000 -0.000000000000 -0.000000000000   1.000000
  -0.005000000000 -0.000000000000 -0.000000000000   1.000000
  -0.002500000000 -0.000000000000 -0.000000000000   1.000000
   0.000000000000  0.000000000000  0.000000000000   1.000000
   0.002500000000  0.000000000000  0.000000000000   1.000000
   0.005000000000  0.000000000000  0.000000000000   1.000000
   0.007500000000  0.000000000000  0.000000000000   1.000000
   0.010000000000  0.000000000000  0.000000000000   1.000000
   0.012500000000  0.000000000000  0.000000000000   1.000000
   0.015000000000  0.000000000000  0.000000000000   1.000000
   0.017500000000  0.000000000000  0.000000000000   1.000000
   0.020000000000  0.000000000000  0.000000000000   1.000000
   0.022500000000  0.000000000000  0.000000000000   1.000000
   0.025000000000  0.000000000000  0.000000000000   1.000000
   0.027500000000  0.000000000000  0.000000000000   1.000000
   0.030000000000  0.000000000000  0.000000000000   1.000000
   0.032500000000  0.000000000000  0.000000000000   1.000000
   0.035000000000  0.000000000000  0.000000000000   1.000000
   0.037500000000  0.000000000000  0.000000000000   1.000000
   0.040000000000  0.000000000000  0.000000000000   1.000000
   0.042500000000  0.000000000000  0.000000000000   1.000000
   0.045000000000  0.000000000000  0.000000000000   1.000000
   0.047500000000  0.000000000000  0.000000000000   1.000000
   0.050000000000  0.000000000000  0.000000000000   1.000000
  -0.035355339059 -0.035355339059 -0.000000000000   1.000000
  -0.033587572106 -0.033587572106 -0.000000000000   1.000000
  -0.031819805153 -0.031819805153 -0.000000000000   1.000000
  -0.030052038200 -0.030052038200 -0.000000000000   1.000000
  -0.028284271247 -0.028284271247 -0.000000000000   1.000000
  -0.026516504294 -0.026516504294 -0.000000000000   1.000000
  -0.024748737342 -0.024748737342 -0.000000000000   1.000000
  -0.022980970389 -0.022980970389 -0.000000000000   1.000000
  -0.021213203436 -0.021213203436 -0.000000000000   1.000000
  -0.019445436483 -0.019445436483 -0.000000000000   1.000000
  -0.017677669530 -0.017677669530 -0.000000000000   1.000000
  -0.015909902577 -0.015909902577 -0.000000000000   1.000000
  -0.014142135624 -0.014142135624 -0.000000000000   1.000000
  -0.012374368671 -0.012374368671 -0.000000000000   1.000000
  -0.010606601718 -0.010606601718 -0.000000000000   1.000000
  -0.008838834765 -0.008838834765 -0.000000000000   1.000000
  -0.007071067812 -0.007071067812 -0.000000000000   1.000000
  -0.005303300859 -0.005303300859 -0.000000000000   1.000000
  -0.003535533906 -0.003535533906 -0.000000000000   1.000000
  -0.001767766953 -0.001767766953 -0.000000000000   1.000000
   0.000000000000  0.000000000000  0.000000000000   1.000000
   0.001767766953  0.001767766953  0.000000000000   1.000000
   0.003535533906  0.003535533906  0.000000000000   1.000000
   0.005303300859  0.005303300859  0.000000000000   1.000000
   0.007071067812  0.007071067812  0.000000000000   1.000000
   0.008838834765  0.008838834765  0.000000000000   1.000000
   0.010606601718  0.010606601718  0.000000000000   1.000000
   0.012374368671  0.012374368671  0.000000000000   1.000000
   0.014142135624  0.014142135624  0.000000000000   1.000000
   0.015909902577  0.015909902577  0.000000000000   1.000000
   0.017677669530  0.017677669530  0.000000000000   1.000000
   0.019445436483  0.019445436483  0.000000000000   1.000000
   0.021213203436  0.021213203436  0.000000000000   1.000000
   0.022980970389  0.022980970389  0.000000000000   1.000000
   0.024748737342  0.024748737342  0.000000000000   1.000000
   0.026516504294  0.026516504294  0.000000000000   1.000000
   0.028284271247  0.028284271247  0.000000000000   1.000000
   0.030052038200  0.030052038200  0.000000000000   1.000000
   0.031819805153  0.031819805153  0.000000000000   1.000000
   0.033587572106  0.033587572106  0.000000000000   1.000000
   0.035355339059  0.035355339059  0.000000000000   1.000000
  -0.028867513459 -0.028867513459 -0.028867513459   1.000000
  -0.027424137787 -0.027424137787 -0.027424137787   1.000000
  -0.025980762114 -0.025980762114 -0.025980762114   1.000000
  -0.024537386441 -0.024537386441 -0.024537386441   1.000000
  -0.023094010768 -0.023094010768 -0.023094010768   1.000000
  -0.021650635095 -0.021650635095 -0.021650635095   1.000000
  -0.020207259422 -0.020207259422 -0.020207259422   1.000000
  -0.018763883749 -0.018763883749 -0.018763883749   1.000000
  -0.017320508076 -0.017320508076 -0.017320508076   1.000000
  -0.015877132403 -0.015877132403 -0.015877132403   1.000000
  -0.014433756730 -0.014433756730 -0.014433756730   1.000000
  -0.012990381057 -0.012990381057 -0.012990381057   1.000000
  -0.011547005384 -0.011547005384 -0.011547005384   1.000000
  -0.010103629711 -0.010103629711 -0.010103629711   1.000000
  -0.008660254038 -0.008660254038 -0.008660254038   1.000000
  -0.007216878365 -0.007216878365 -0.007216878365   1.000000
  -0.005773502692 -0.005773502692 -0.005773502692   1.000000
  -0.004330127019 -0.004330127019 -0.004330127019   1.000000
  -0.002886751346 -0.002886751346 -0.002886751346   1.000000
  -0.001443375673 -0.001443375673 -0.001443375673   1.000000
   0.000000000000  0.000000000000  0.000000000000   1.000000
   0.001443375673  0.001443375673  0.001443375673   1.000000
   0.002886751346  0.002886751346  0.002886751346   1.000000
   0.004330127019  0.004330127019  0.004330127019   1.000000
   0.005773502692  0.005773502692  0.005773502692   1.000000
   0.007216878365  0.007216878365  0.007216878365   1.000000
   0.008660254038  0.008660254038  0.008660254038   1.000000
   0.010103629711  0.010103629711  0.010103629711   1.000000
   0.011547005384  0.011547005384  0.011547005384   1.000000
   0.012990381057  0.012990381057  0.012990381057   1.000000
   0.014433756730  0.014433756730  0.014433756730   1.000000
   0.015877132403  0.015877132403  0.015877132403   1.000000
   0.017320508076  0.017320508076  0.017320508076   1.000000
   0.018763883749  0.018763883749  0.018763883749   1.000000
   0.020207259422  0.020207259422  0.020207259422   1.000000
   0.021650635095  0.021650635095  0.021650635095   1.000000
   0.023094010768  0.023094010768  0.023094010768   1.000000
   0.024537386441  0.024537386441  0.024537386441   1.000000
   0.025980762114  0.025980762114  0.025980762114   1.000000
   0.027424137787  0.027424137787  0.027424137787   1.000000
   0.028867513459  0.028867513459  0.028867513459   1.000000
